6000 ,    7||   0 ,    0||   0 ,    0||   0 ,    0||   0 ,    0||   0 ,    0||
5940 ,    7||   0 ,    0||   0 ,    0||   0 ,    0||   0 ,    0||  60 ,    0||
5940 ,    7||   0 ,    0||   0 ,    0||   0 ,    0||   0 ,    0||  59 ,    0||
5940 ,    7||   0 ,    0||   0 ,    0||   0 ,    0||   0 ,    0||  59 ,    1||
5939 ,    7||   0 ,    0||   0 ,    0||   0 ,    0||   0 ,    0||  58 ,    1||
5937 ,    9||   0 ,    0||   0 ,    0||   0 ,    0||   0 ,    0||  57 ,    3||
5934 ,   11||   0 ,    0||   0 ,    0||  59 ,    0||   0 ,    0||   0 ,    0||
5934 ,   11||   0 ,    0||   0 ,    0||  59 ,    0||   0 ,    0||   0 ,    0||
5934 ,   11||   0 ,    0||   0 ,    0||  59 ,    0||   0 ,    0||   0 ,    0||
5471 ,   10||   0 ,    0||   0 ,    0|| 521 ,    2||   0 ,    0||   0 ,    0||
5137 ,    9|| 438 ,    1||   0 ,    0|| 413 ,    5||   0 ,    0||   0 ,    0||
4896 ,   10|| 761 ,    1||   0 ,    0|| 323 ,   11||   0 ,    0||   0 ,    0||
4721 ,   11||1000 ,    2||   0 ,    0|| 246 ,   22||   0 ,    0||   0 ,    0||
4592 ,   15||1177 ,    3||   0 ,    0|| 177 ,   36||   0 ,    0||   0 ,    0||
4495 ,   21||1246 ,    5||  61 ,    0|| 118 ,   52||   0 ,    0||   0 ,    0||
4420 ,   30||1295 ,    7|| 109 ,    0||  75 ,   58||   0 ,    0||   0 ,    0||
4361 ,   40||1328 ,    9|| 146 ,    1||  48 ,   57||   0 ,    0||   0 ,    0||
4599 ,   57||1109 ,   11|| 138 ,    1||  27 ,   45||   0 ,    0||   0 ,    0||
4750 ,   70|| 774 ,    9|| 326 ,    4||  15 ,   34||   0 ,    0||   0 ,    0||
4845 ,   79|| 540 ,    8|| 464 ,    8||   8 ,   25||   0 ,    0||   0 ,    0||
4904 ,   86|| 377 ,    6|| 562 ,   14||   5 ,   18||   0 ,    0||   0 ,    0||
5181 ,   99|| 226 ,    4|| 430 ,   16||   3 ,   11||   0 ,    0||   0 ,    0||
5337 ,  107|| 136 ,    2|| 355 ,   17||   2 ,    6||   0 ,    0||   0 ,    0||
5424 ,  114||  81 ,    1|| 314 ,   17||   1 ,    4||   0 ,    0||   0 ,    0||
5471 ,  120||  49 ,    1|| 292 ,   18||   1 ,    2||   0 ,    0||   0 ,    0||
5753 ,  138||   0 ,    0||   0 ,    0||   0 ,    0||   0 ,    0||  53 ,    2||
5744 ,  138||   0 ,    0||   0 ,    0||   0 ,    0||   0 ,    0||  53 ,    6||
5735 ,  141||   0 ,    0||   0 ,    0||   0 ,    0||   0 ,    0||  47 ,   12||
5720 ,  150||   0 ,    0||   0 ,    0||   0 ,    0||   0 ,    0||  46 ,   13||
5703 ,  160||   0 ,    0||   0 ,    0||   0 ,    0||   0 ,    0||  46 ,   13||
5687 ,  170||   0 ,    0||   0 ,    0||  57 ,    2||   0 ,    0||   0 ,    0||
5681 ,  169||   0 ,    0||   0 ,    0||  56 ,    2||   0 ,    0||   0 ,    0||
5675 ,  168||   0 ,    0||   0 ,    0||  56 ,    2||   0 ,    0||   0 ,    0||
5227 ,  154||   0 ,    0||   0 ,    0|| 480 ,   33||   0 ,    0||   0 ,    0||
4900 ,  147|| 418 ,   12||   0 ,    0|| 337 ,   73||   0 ,    0||   0 ,    0||
4655 ,  150|| 724 ,   23||   0 ,    0|| 216 ,  110||   0 ,    0||   0 ,    0||
4466 ,  162|| 945 ,   36||   0 ,    0|| 138 ,  119||   0 ,    0||   0 ,    0||
4322 ,  177||1103 ,   51||   0 ,    0||  88 ,  113||   0 ,    0||   0 ,    0||
4210 ,  193||1154 ,   66||  58 ,    2||  57 ,  101||   0 ,    0||   0 ,    0||
4122 ,  207||1182 ,   85|| 102 ,    5||  36 ,   87||   0 ,    0||   0 ,    0||
4051 ,  222||1193 ,  106|| 136 ,    7||  23 ,   72||   0 ,    0||   0 ,    0||
4248 ,  262|| 976 ,  108|| 128 ,    7||  13 ,   52||   0 ,    0||   0 ,    0||
4364 ,  294|| 664 ,   92|| 298 ,   21||   7 ,   37||   0 ,    0||   0 ,    0||
4429 ,  319|| 453 ,   74|| 417 ,   38||   4 ,   26||   0 ,    0||   0 ,    0||
4461 ,  339|| 310 ,   57|| 493 ,   62||   2 ,   18||   0 ,    0||   0 ,    0||
4684 ,  380|| 183 ,   36|| 363 ,   64||   1 ,   10||   0 ,    0||   0 ,    0||
4799 ,  411|| 109 ,   22|| 290 ,   65||   1 ,    6||   0 ,    0||   0 ,    0||
4851 ,  434||  65 ,   13|| 251 ,   64||   0 ,    3||   0 ,    0||   0 ,    0||
4868 ,  452||  39 ,    8|| 231 ,   63||   0 ,    2||   0 ,    0||   0 ,    0||
5075 ,  513||   0 ,    0||   0 ,    0||   0 ,    0||   0 ,    0||  44 ,    9||
5054 ,  511||   0 ,    0||   0 ,    0||   0 ,    0||   0 ,    0||  41 ,   15||
5028 ,  515||   0 ,    0||   0 ,    0||   0 ,    0||   0 ,    0||  40 ,   15||
5003 ,  519||   0 ,    0||   0 ,    0||   0 ,    0||   0 ,    0||  40 ,   15||
4978 ,  523||   0 ,    0||   0 ,    0||   0 ,    0||   0 ,    0||  40 ,   15||
4953 ,  527||   0 ,    0||   0 ,    0||  49 ,    6||   0 ,    0||   0 ,    0||
4937 ,  522||   0 ,    0||   0 ,    0||  48 ,    6||   0 ,    0||   0 ,    0||
4921 ,  517||   0 ,    0||   0 ,    0||  48 ,    7||   0 ,    0||   0 ,    0||
4523 ,  472||   0 ,    0||   0 ,    0|| 382 ,   95||   0 ,    0||   0 ,    0||
4226 ,  447|| 361 ,   38||   0 ,    0|| 245 ,  134||   0 ,    0||   0 ,    0||
3998 ,  438|| 620 ,   69||   0 ,    0|| 157 ,  142||   0 ,    0||   0 ,    0||
3823 ,  438|| 800 ,  103||   0 ,    0|| 100 ,  134||   0 ,    0||   0 ,    0||
3688 ,  442|| 919 ,  139||   0 ,    0||  64 ,  119||   0 ,    0||   0 ,    0||
3580 ,  449|| 944 ,  173||  49 ,    6||  41 ,  102||   0 ,    0||   0 ,    0||
3491 ,  460|| 946 ,  208||  87 ,   11||  26 ,   85||   0 ,    0||   0 ,    0||
3414 ,  474|| 933 ,  246|| 115 ,   15||  17 ,   69||   0 ,    0||   0 ,    0||
3553 ,  538|| 745 ,  235|| 107 ,   16||   9 ,   49||   0 ,    0||   0 ,    0||
3622 ,  588|| 488 ,  191|| 246 ,   43||   5 ,   34||   0 ,    0||   0 ,    0||
3650 ,  627|| 323 ,  147|| 337 ,   74||   3 ,   24||   0 ,    0||   0 ,    0||
3652 ,  656|| 216 ,  109|| 385 ,  112||   2 ,   16||   0 ,    0||   0 ,    0||
3805 ,  723|| 125 ,   67|| 272 ,  109||   1 ,    9||   0 ,    0||   0 ,    0||
3872 ,  768||  74 ,   40|| 211 ,  106||   1 ,    5||   0 ,    0||   0 ,    0||
3891 ,  799||  44 ,   24|| 180 ,   99||   0 ,    3||   0 ,    0||   0 ,    0||
3884 ,  818||  26 ,   14|| 165 ,   93||   0 ,    2||   0 ,    0||   0 ,    0||
4016 ,  902||   0 ,    0||   0 ,    0||   0 ,    0||   0 ,    0||  33 ,   14||
3988 ,  892||   0 ,    0||   0 ,    0||   0 ,    0||   0 ,    0||  32 ,   17||
3959 ,  885||   0 ,    0||   0 ,    0||   0 ,    0||   0 ,    0||  32 ,   17||
3931 ,  878||   0 ,    0||   0 ,    0||   0 ,    0||   0 ,    0||  32 ,   16||
3903 ,  870||   0 ,    0||   0 ,    0||   0 ,    0||   0 ,    0||  31 ,   16||
3875 ,  863||   0 ,    0||   0 ,    0||  38 ,    9||   0 ,    0||   0 ,    0||
3855 ,  849||   0 ,    0||   0 ,    0||  37 ,   10||   0 ,    0||   0 ,    0||
3834 ,  835||   0 ,    0||   0 ,    0||  36 ,   10||   0 ,    0||   0 ,    0||
3518 ,  757||   0 ,    0||   0 ,    0|| 274 ,  134||   0 ,    0||   0 ,    0||
3276 ,  709|| 280 ,   60||   0 ,    0|| 176 ,  147||   0 ,    0||   0 ,    0||
3092 ,  679|| 478 ,  108||   0 ,    0|| 112 ,  141||   0 ,    0||   0 ,    0||
2950 ,  660|| 611 ,  154||   0 ,    0||  72 ,  126||   0 ,    0||   0 ,    0||
2840 ,  648|| 693 ,  200||   0 ,    0||  46 ,  108||   0 ,    0||   0 ,    0||
2750 ,  642|| 702 ,  236||  38 ,    8||  29 ,   90||   0 ,    0||   0 ,    0||
2673 ,  642|| 695 ,  272||  68 ,   15||  19 ,   74||   0 ,    0||   0 ,    0||
2606 ,  646|| 678 ,  306||  89 ,   21||  12 ,   60||   0 ,    0||   0 ,    0||
2698 ,  711|| 536 ,  279||  82 ,   21||   7 ,   42||   0 ,    0||   0 ,    0||
2739 ,  759|| 346 ,  216|| 186 ,   55||   4 ,   29||   0 ,    0||   0 ,    0||
2751 ,  791|| 227 ,  161|| 251 ,   90||   2 ,   20||   0 ,    0||   0 ,    0||
2744 ,  812|| 151 ,  116|| 283 ,  129||   1 ,   14||   0 ,    0||   0 ,    0||
2849 ,  877||  87 ,   70|| 197 ,  117||   1 ,    8||   0 ,    0||   0 ,    0||
2891 ,  915||  51 ,   41|| 152 ,  108||   0 ,    5||   0 ,    0||   0 ,    0||
2899 ,  936||  30 ,   24|| 131 ,   98||   0 ,    3||   0 ,    0||   0 ,    0||
2889 ,  945||  18 ,   14|| 121 ,   90||   0 ,    2||   0 ,    0||   0 ,    0||
2983 , 1016||   0 ,    0||   0 ,    0||   0 ,    0||   0 ,    0||  24 ,   14||
2959 ,  997||   0 ,    0||   0 ,    0||   0 ,    0||   0 ,    0||  24 ,   16||
2936 ,  980||   0 ,    0||   0 ,    0||   0 ,    0||   0 ,    0||  24 ,   15||
2913 ,  963||   0 ,    0||   0 ,    0||   0 ,    0||   0 ,    0||  23 ,   15||
2891 ,  947||   0 ,    0||   0 ,    0||   0 ,    0||   0 ,    0||  23 ,   15||
2869 ,  931||   0 ,    0||   0 ,    0||  28 ,   10||   0 ,    0||   0 ,    0||
2852 ,  910||   0 ,    0||   0 ,    0||  28 ,   10||   0 ,    0||   0 ,    0||
2836 ,  890||   0 ,    0||   0 ,    0||  27 ,   10||   0 ,    0||   0 ,    0||
2601 ,  801||   0 ,    0||   0 ,    0|| 200 ,  124||   0 ,    0||   0 ,    0||
2421 ,  743|| 207 ,   63||   0 ,    0|| 128 ,  128||   0 ,    0||   0 ,    0||
2284 ,  703|| 353 ,  111||   0 ,    0||  82 ,  118||   0 ,    0||   0 ,    0||
2179 ,  675|| 451 ,  154||   0 ,    0||  53 ,  104||   0 ,    0||   0 ,    0||
2097 ,  654|| 512 ,  194||   0 ,    0||  34 ,   88||   0 ,    0||   0 ,    0||
2030 ,  640|| 518 ,  220||  29 ,    8||  22 ,   73||   0 ,    0||   0 ,    0||
1974 ,  630|| 515 ,  244||  51 ,   15||  14 ,   60||   0 ,    0||   0 ,    0||
1925 ,  625|| 505 ,  266||  67 ,   21||   9 ,   48||   0 ,    0||   0 ,    0||
1995 ,  674|| 402 ,  235||  62 ,   20||   5 ,   34||   0 ,    0||   0 ,    0||
2028 ,  706|| 263 ,  176|| 138 ,   51||   3 ,   23||   0 ,    0||   0 ,    0||
2039 ,  725|| 174 ,  128|| 187 ,   79||   2 ,   16||   0 ,    0||   0 ,    0||
2037 ,  734|| 117 ,   91|| 213 ,  108||   1 ,   11||   0 ,    0||   0 ,    0||
2119 ,  781||  68 ,   54|| 151 ,   94||   1 ,    6||   0 ,    0||   0 ,    0||
2155 ,  804||  40 ,   32|| 118 ,   84||   0 ,    4||   0 ,    0||   0 ,    0||
2165 ,  812||  24 ,   19|| 103 ,   75||   0 ,    2||   0 ,    0||   0 ,    0||
2162 ,  811||  14 ,   11||  96 ,   68||   0 ,    1||   0 ,    0||   0 ,    0||
2240 ,  859||   0 ,    0||   0 ,    0||   0 ,    0||   0 ,    0||  18 ,   11||
2224 ,  838||   0 ,    0||   0 ,    0||   0 ,    0||   0 ,    0||  18 ,   13||
2209 ,  820||   0 ,    0||   0 ,    0||   0 ,    0||   0 ,    0||  18 ,   12||
2194 ,  802||   0 ,    0||   0 ,    0||   0 ,    0||   0 ,    0||  18 ,   12||
2179 ,  784||   0 ,    0||   0 ,    0||   0 ,    0||   0 ,    0||  18 ,   12||
2165 ,  767||   0 ,    0||   0 ,    0||  21 ,    8||   0 ,    0||   0 ,    0||
2155 ,  747||   0 ,    0||   0 ,    0||  21 ,    8||   0 ,    0||   0 ,    0||
2144 ,  727||   0 ,    0||   0 ,    0||  21 ,    8||   0 ,    0||   0 ,    0||
1969 ,  652||   0 ,    0||   0 ,    0|| 159 ,   92||   0 ,    0||   0 ,    0||
1836 ,  601|| 157 ,   51||   0 ,    0|| 101 ,   96||   0 ,    0||   0 ,    0||
1734 ,  565|| 269 ,   89||   0 ,    0||  65 ,   90||   0 ,    0||   0 ,    0||
1656 ,  539|| 345 ,  121||   0 ,    0||  42 ,   79||   0 ,    0||   0 ,    0||
1596 ,  520|| 394 ,  148||   0 ,    0||  27 ,   68||   0 ,    0||   0 ,    0||
1548 ,  505|| 403 ,  164||  22 ,    7||  17 ,   56||   0 ,    0||   0 ,    0||
1508 ,  494|| 405 ,  179||  39 ,   12||  11 ,   46||   0 ,    0||   0 ,    0||
1474 ,  486|| 401 ,  191||  52 ,   16||   7 ,   37||   0 ,    0||   0 ,    0||
1533 ,  518|| 324 ,  165||  49 ,   16||   4 ,   26||   0 ,    0||   0 ,    0||
1565 ,  537|| 216 ,  122|| 108 ,   38||   2 ,   18||   0 ,    0||   0 ,    0||
1579 ,  546|| 146 ,   87|| 147 ,   58||   1 ,   12||   0 ,    0||   0 ,    0||
1584 ,  548||  99 ,   61|| 170 ,   77||   1 ,    8||   0 ,    0||   0 ,    0||
1655 ,  578||  58 ,   36|| 124 ,   65||   1 ,    5||   0 ,    0||   0 ,    0||
1689 ,  590||  35 ,   21||  99 ,   57||   0 ,    3||   0 ,    0||   0 ,    0||
1703 ,  592||  21 ,   12||  87 ,   50||   0 ,    2||   0 ,    0||   0 ,    0||
1706 ,  588||  12 ,    7||  81 ,   45||   0 ,    1||   0 ,    0||   0 ,    0||
1776 ,  616||   0 ,    0||   0 ,    0||   0 ,    0||   0 ,    0||  15 ,    8||
1767 ,  600||   0 ,    0||   0 ,    0||   0 ,    0||   0 ,    0||  14 ,    9||
1757 ,  585||   0 ,    0||   0 ,    0||   0 ,    0||   0 ,    0||  14 ,    9||
1748 ,  571||   0 ,    0||   0 ,    0||   0 ,    0||   0 ,    0||  14 ,    9||
1738 ,  558||   0 ,    0||   0 ,    0||   0 ,    0||   0 ,    0||  14 ,    9||
1729 ,  544||   0 ,    0||   0 ,    0||  17 ,    6||   0 ,    0||   0 ,    0||
1723 ,  528||   0 ,    0||   0 ,    0||  17 ,    6||   0 ,    0||   0 ,    0||
1718 ,  513||   0 ,    0||   0 ,    0||  17 ,    6||   0 ,    0||   0 ,    0||
1579 ,  459||   0 ,    0||   0 ,    0|| 134 ,   60||   0 ,    0||   0 ,    0||
1475 ,  421|| 126 ,   36||   0 ,    0||  86 ,   68||   0 ,    0||   0 ,    0||
1396 ,  395|| 217 ,   62||   0 ,    0||  55 ,   66||   0 ,    0||   0 ,    0||
1335 ,  377|| 280 ,   83||   0 ,    0||  35 ,   59||   0 ,    0||   0 ,    0||
1289 ,  363|| 323 ,  100||   0 ,    0||  23 ,   51||   0 ,    0||   0 ,    0||
1252 ,  352|| 333 ,  110||  18 ,    5||  14 ,   43||   0 ,    0||   0 ,    0||
1222 ,  344|| 338 ,  118||  32 ,    8||   9 ,   35||   0 ,    0||   0 ,    0||
1198 ,  337|| 339 ,  125||  43 ,   11||   6 ,   29||   0 ,    0||   0 ,    0||
1252 ,  358|| 277 ,  107||  40 ,   11||   3 ,   20||   0 ,    0||   0 ,    0||
1283 ,  369|| 188 ,   78||  89 ,   26||   2 ,   14||   0 ,    0||   0 ,    0||
1299 ,  373|| 128 ,   55|| 123 ,   39||   1 ,    9||   0 ,    0||   0 ,    0||
1307 ,  373||  88 ,   39|| 144 ,   51||   1 ,    6||   0 ,    0||   0 ,    0||
1371 ,  391||  52 ,   23|| 107 ,   42||   1 ,    4||   0 ,    0||   0 ,    0||
1405 ,  397||  31 ,   13||  87 ,   36||   0 ,    2||   0 ,    0||   0 ,    0||
1421 ,  397||  19 ,    8||  77 ,   32||   0 ,    1||   0 ,    0||   0 ,    0||
1427 ,  392||  11 ,    5||  72 ,   29||   0 ,    1||   0 ,    0||   0 ,    0||
1492 ,  409||   0 ,    0||   0 ,    0||   0 ,    0||   0 ,    0||  13 ,    5||
1487 ,  397||   0 ,    0||   0 ,    0||   0 ,    0||   0 ,    0||  12 ,    7||
1481 ,  387||   0 ,    0||   0 ,    0||   0 ,    0||   0 ,    0||  12 ,    7||
1475 ,  378||   0 ,    0||   0 ,    0||   0 ,    0||   0 ,    0||  12 ,    7||
1468 ,  369||   0 ,    0||   0 ,    0||   0 ,    0||   0 ,    0||  12 ,    7||
1462 ,  360||   0 ,    0||   0 ,    0||  15 ,    4||   0 ,    0||   0 ,    0||
1459 ,  349||   0 ,    0||   0 ,    0||  14 ,    4||   0 ,    0||   0 ,    0||
1456 ,  338||   0 ,    0||   0 ,    0||  14 ,    4||   0 ,    0||   0 ,    0||
1340 ,  302||   0 ,    0||   0 ,    0|| 119 ,   38||   0 ,    0||   0 ,    0||
1254 ,  276|| 107 ,   23||   0 ,    0||  81 ,   43||   0 ,    0||   0 ,    0||
1189 ,  259|| 185 ,   40||   0 ,    0||  52 ,   46||   0 ,    0||   0 ,    0||
1140 ,  247|| 240 ,   54||   0 ,    0||  33 ,   44||   0 ,    0||   0 ,    0||
1102 ,  238|| 279 ,   65||   0 ,    0||  21 ,   39||   0 ,    0||   0 ,    0||
1072 ,  232|| 290 ,   70||  16 ,    3||  14 ,   33||   0 ,    0||   0 ,    0||
1049 ,  227|| 296 ,   75||  28 ,    6||   9 ,   28||   0 ,    0||   0 ,    0||
1030 ,  222|| 299 ,   79||  37 ,    7||   6 ,   22||   0 ,    0||   0 ,    0||
1080 ,  235|| 246 ,   67||  35 ,    7||   4 ,   16||   0 ,    0||   0 ,    0||
1109 ,  242|| 169 ,   48||  77 ,   17||   2 ,   11||   0 ,    0||   0 ,    0||
1127 ,  244|| 117 ,   34|| 108 ,   25||   1 ,    7||   0 ,    0||   0 ,    0||
1137 ,  244||  81 ,   24|| 128 ,   32||   1 ,    5||   0 ,    0||   0 ,    0||
1196 ,  255||  48 ,   14||  96 ,   27||   1 ,    3||   0 ,    0||   0 ,    0||
1228 ,  258||  29 ,    8||  79 ,   23||   0 ,    2||   0 ,    0||   0 ,    0||
1245 ,  257||  17 ,    5||  70 ,   20||   0 ,    1||   0 ,    0||   0 ,    0||
1253 ,  254||  10 ,    3||  65 ,   18||   0 ,    1||   0 ,    0||   0 ,    0||
1315 ,  264||   0 ,    0||   0 ,    0||   0 ,    0||   0 ,    0||  12 ,    3||
1311 ,  256||   0 ,    0||   0 ,    0||   0 ,    0||   0 ,    0||  12 ,    4||
1308 ,  249||   0 ,    0||   0 ,    0||   0 ,    0||   0 ,    0||  11 ,    5||
1303 ,  243||   0 ,    0||   0 ,    0||   0 ,    0||   0 ,    0||  10 ,    5||
1299 ,  238||   0 ,    0||   0 ,    0||   0 ,    0||   0 ,    0||  10 ,    5||
1295 ,  233||   0 ,    0||   0 ,    0||  13 ,    2||   0 ,    0||   0 ,    0||
1293 ,  225||   0 ,    0||   0 ,    0||  13 ,    2||   0 ,    0||   0 ,    0||
1291 ,  218||   0 ,    0||   0 ,    0||  13 ,    2||   0 ,    0||   0 ,    0||
1189 ,  194||   0 ,    0||   0 ,    0|| 108 ,   24||   0 ,    0||   0 ,    0||
1114 ,  178||  95 ,   15||   0 ,    0||  79 ,   26||   0 ,    0||   0 ,    0||
1058 ,  166|| 164 ,   26||   0 ,    0||  54 ,   29||   0 ,    0||   0 ,    0||
1016 ,  158|| 215 ,   34||   0 ,    0||  37 ,   29||   0 ,    0||   0 ,    0||
 984 ,  153|| 251 ,   41||   0 ,    0||  25 ,   27||   0 ,    0||   0 ,    0||
 960 ,  149|| 262 ,   44||  14 ,    2||  17 ,   24||   0 ,    0||   0 ,    0||
 941 ,  146|| 269 ,   47||  25 ,    4||  12 ,   20||   0 ,    0||   0 ,    0||
 926 ,  143|| 273 ,   49||  33 ,    5||   8 ,   16||   0 ,    0||   0 ,    0||
 973 ,  151|| 226 ,   42||  32 ,    5||   5 ,   12||   0 ,    0||   0 ,    0||
1002 ,  156|| 156 ,   30||  70 ,   11||   3 ,    8||   0 ,    0||   0 ,    0||
1020 ,  157|| 108 ,   21||  98 ,   16||   2 ,    6||   0 ,    0||   0 ,    0||
1031 ,  156||  75 ,   15|| 118 ,   20||   2 ,    4||   0 ,    0||   0 ,    0||
1087 ,  163||  45 ,    9||  89 ,   17||   1 ,    2||   0 ,    0||   0 ,    0||
1118 ,  165||  27 ,    5||  74 ,   14||   1 ,    1||   0 ,    0||   0 ,    0||
1135 ,  164||  16 ,    3||  66 ,   12||   0 ,    1||   0 ,    0||   0 ,    0||
1144 ,  162||  10 ,    2||  61 ,   11||   0 ,    0||   0 ,    0||   0 ,    0||
1203 ,  168||   0 ,    0||   0 ,    0||   0 ,    0||   0 ,    0||  11 ,    2||
1201 ,  163||   0 ,    0||   0 ,    0||   0 ,    0||   0 ,    0||  11 ,    2||
1199 ,  158||   0 ,    0||   0 ,    0||   0 ,    0||   0 ,    0||  11 ,    3||
1196 ,  154||   0 ,    0||   0 ,    0||   0 ,    0||   0 ,    0||  10 ,    3||
1193 ,  151||   0 ,    0||   0 ,    0||   0 ,    0||   0 ,    0||  10 ,    3||
1190 ,  148||   0 ,    0||   0 ,    0||  12 ,    1||   0 ,    0||   0 ,    0||
1189 ,  143||   0 ,    0||   0 ,    0||  12 ,    1||   0 ,    0||   0 ,    0||
1188 ,  138||   0 ,    0||   0 ,    0||  12 ,    1||   0 ,    0||   0 ,    0||
1095 ,  123||   0 ,    0||   0 ,    0|| 101 ,   15||   0 ,    0||   0 ,    0||
1027 ,  112||  87 ,   10||   0 ,    0||  77 ,   16||   0 ,    0||   0 ,    0||
 977 ,  105|| 152 ,   16||   0 ,    0||  56 ,   17||   0 ,    0||   0 ,    0||
 940 ,  100|| 199 ,   22||   0 ,    0||  41 ,   18||   0 ,    0||   0 ,    0||
 912 ,   96|| 233 ,   26||   0 ,    0||  29 ,   17||   0 ,    0||   0 ,    0||
 891 ,   93|| 244 ,   28||  13 ,    1||  21 ,   15||   0 ,    0||   0 ,    0||
 875 ,   91|| 252 ,   29||  23 ,    2||  16 ,   13||   0 ,    0||   0 ,    0||
 862 ,   90|| 256 ,   30||  31 ,    3||  12 ,   11||   0 ,    0||   0 ,    0||
 908 ,   95|| 213 ,   26||  30 ,    3||   8 ,    8||   0 ,    0||   0 ,    0||
 938 ,   98|| 148 ,   18||  66 ,    7||   5 ,    6||   0 ,    0||   0 ,    0||
 956 ,   99|| 103 ,   13||  92 ,   10||   3 ,    4||   0 ,    0||   0 ,    0||
 967 ,   98||  72 ,    9|| 111 ,   13||   2 ,    3||   0 ,    0||   0 ,    0||
1021 ,  102||  43 ,    5||  85 ,   10||   1 ,    2||   0 ,    0||   0 ,    0||
1052 ,  104||  26 ,    3||  70 ,    9||   1 ,    1||   0 ,    0||   0 ,    0||
1069 ,  103||  15 ,    2||  63 ,    8||   0 ,    1||   0 ,    0||   0 ,    0||
1078 ,  101||   9 ,    1||  58 ,    7||   0 ,    0||   0 ,    0||   0 ,    0||
1135 ,  105||   0 ,    0||   0 ,    0||   0 ,    0||   0 ,    0||  11 ,    1||
1133 ,  102||   0 ,    0||   0 ,    0||   0 ,    0||   0 ,    0||  11 ,    2||
1132 ,   99||   0 ,    0||   0 ,    0||   0 ,    0||   0 ,    0||  11 ,    2||
1131 ,   96||   0 ,    0||   0 ,    0||   0 ,    0||   0 ,    0||  10 ,    2||
1129 ,   94||   0 ,    0||   0 ,    0||   0 ,    0||   0 ,    0||  10 ,    2||
1127 ,   92||   0 ,    0||   0 ,    0||  11 ,    1||   0 ,    0||   0 ,    0||
1127 ,   89||   0 ,    0||   0 ,    0||  11 ,    1||   0 ,    0||   0 ,    0||
1126 ,   86||   0 ,    0||   0 ,    0||  11 ,    1||   0 ,    0||   0 ,    0||
1038 ,   77||   0 ,    0||   0 ,    0||  97 ,    9||   0 ,    0||   0 ,    0||
 974 ,   70||  83 ,    6||   0 ,    0||  75 ,   10||   0 ,    0||   0 ,    0||
 927 ,   65|| 144 ,   10||   0 ,    0||  57 ,   11||   0 ,    0||   0 ,    0||
 893 ,   62|| 189 ,   13||   0 ,    0||  43 ,   11||   0 ,    0||   0 ,    0||
 867 ,   59|| 222 ,   16||   0 ,    0||  32 ,   10||   0 ,    0||   0 ,    0||
 848 ,   58|| 233 ,   17||  13 ,    1||  24 ,    9||   0 ,    0||   0 ,    0||
 834 ,   57|| 241 ,   18||  22 ,    1||  18 ,    8||   0 ,    0||   0 ,    0||
 824 ,   56|| 246 ,   19||  30 ,    2||  14 ,    7||   0 ,    0||   0 ,    0||
 869 ,   59|| 205 ,   16||  28 ,    2||   9 ,    5||   0 ,    0||   0 ,    0||
 898 ,   61|| 143 ,   11||  63 ,    4||   6 ,    4||   0 ,    0||   0 ,    0||
 917 ,   61|| 100 ,    8||  89 ,    6||   4 ,    3||   0 ,    0||   0 ,    0||
 928 ,   61||  70 ,    5|| 107 ,    8||   3 ,    2||   0 ,    0||   0 ,    0||
 981 ,   63||  42 ,    3||  82 ,    6||   2 ,    1||   0 ,    0||   0 ,    0||
1011 ,   64||  25 ,    2||  68 ,    5||   1 ,    1||   0 ,    0||   0 ,    0||
1029 ,   64||  15 ,    1||  61 ,    5||   1 ,    0||   0 ,    0||   0 ,    0||
1038 ,   63||   9 ,    1||  57 ,    4||   0 ,    0||   0 ,    0||   0 ,    0||
1094 ,   65||   0 ,    0||   0 ,    0||   0 ,    0||   0 ,    0||  10 ,    1||
1093 ,   63||   0 ,    0||   0 ,    0||   0 ,    0||   0 ,    0||  11 ,    1||
1092 ,   61||   0 ,    0||   0 ,    0||   0 ,    0||   0 ,    0||  10 ,    1||
1091 ,   59||   0 ,    0||   0 ,    0||   0 ,    0||   0 ,    0||  10 ,    1||
1090 ,   58||   0 ,    0||   0 ,    0||   0 ,    0||   0 ,    0||  10 ,    1||
1089 ,   57||   0 ,    0||   0 ,    0||  11 ,    1||   0 ,    0||   0 ,    0||
1089 ,   55||   0 ,    0||   0 ,    0||  11 ,    1||   0 ,    0||   0 ,    0||
1088 ,   53||   0 ,    0||   0 ,    0||  11 ,    1||   0 ,    0||   0 ,    0||
1003 ,   47||   0 ,    0||   0 ,    0||  95 ,    6||   0 ,    0||   0 ,    0||
 941 ,   43||  80 ,    4||   0 ,    0||  74 ,    6||   0 ,    0||   0 ,    0||
 897 ,   40|| 139 ,    6||   0 ,    0||  57 ,    6||   0 ,    0||   0 ,    0||
 864 ,   38|| 183 ,    8||   0 ,    0||  44 ,    6||   0 ,    0||   0 ,    0||
 840 ,   37|| 215 ,   10||   0 ,    0||  34 ,    6||   0 ,    0||   0 ,    0||
 823 ,   35|| 226 ,   10||  12 ,    0||  26 ,    6||   0 ,    0||   0 ,    0||
 810 ,   35|| 234 ,   11||  22 ,    1||  20 ,    5||   0 ,    0||   0 ,    0||
 800 ,   34|| 240 ,   11||  29 ,    1||  16 ,    4||   0 ,    0||   0 ,    0||
 845 ,   36|| 200 ,   10||  27 ,    1||  11 ,    3||   0 ,    0||   0 ,    0||
 874 ,   37|| 140 ,    7||  61 ,    3||   7 ,    2||   0 ,    0||   0 ,    0||
 893 ,   37||  98 ,    5||  86 ,    4||   5 ,    2||   0 ,    0||   0 ,    0||
 905 ,   37||  68 ,    3|| 105 ,    5||   4 ,    1||   0 ,    0||   0 ,    0||
 957 ,   39||  41 ,    2||  81 ,    4||   2 ,    1||   0 ,    0||   0 ,    0||
 987 ,   39||  24 ,    1||  67 ,    3||   1 ,    0||   0 ,    0||   0 ,    0||
1004 ,   39||  15 ,    1||  60 ,    3||   1 ,    0||   0 ,    0||   0 ,    0||
1014 ,   38||   9 ,    0||  56 ,    3||   0 ,    0||   0 ,    0||   0 ,    0||
1069 ,   40||   0 ,    0||   0 ,    0||   0 ,    0||   0 ,    0||  10 ,    0||
1068 ,   38||   0 ,    0||   0 ,    0||   0 ,    0||   0 ,    0||  11 ,    1||
1067 ,   37||   0 ,    0||   0 ,    0||   0 ,    0||   0 ,    0||  10 ,    1||
1067 ,   36||   0 ,    0||   0 ,    0||   0 ,    0||   0 ,    0||  10 ,    1||
1066 ,   35||   0 ,    0||   0 ,    0||   0 ,    0||   0 ,    0||  10 ,    1||
1066 ,   35||   0 ,    0||   0 ,    0||  11 ,    0||   0 ,    0||   0 ,    0||
1066 ,   33||   0 ,    0||   0 ,    0||  11 ,    0||   0 ,    0||   0 ,    0||
1065 ,   32||   0 ,    0||   0 ,    0||  11 ,    0||   0 ,    0||   0 ,    0||
 982 ,   29||   0 ,    0||   0 ,    0||  93 ,    3||   0 ,    0||   0 ,    0||
 922 ,   26||  79 ,    2||   0 ,    0||  74 ,    4||   0 ,    0||   0 ,    0||
 878 ,   24|| 137 ,    4||   0 ,    0||  58 ,    4||   0 ,    0||   0 ,    0||
 847 ,   23|| 179 ,    5||   0 ,    0||  45 ,    4||   0 ,    0||   0 ,    0||
 824 ,   22|| 211 ,    6||   0 ,    0||  35 ,    4||   0 ,    0||   0 ,    0||
 807 ,   22|| 222 ,    6||  12 ,    0||  28 ,    4||   0 ,    0||   0 ,    0||
 795 ,   21|| 230 ,    7||  21 ,    1||  22 ,    3||   0 ,    0||   0 ,    0||
 786 ,   21|| 236 ,    7||  28 ,    1||  17 ,    3||   0 ,    0||   0 ,    0||
 831 ,   22|| 197 ,    6||  27 ,    1||  12 ,    2||   0 ,    0||   0 ,    0||
 860 ,   23|| 138 ,    4||  60 ,    2||   8 ,    1||   0 ,    0||   0 ,    0||
 879 ,   23||  96 ,    3||  85 ,    2||   6 ,    1||   0 ,    0||   0 ,    0||
 891 ,   23||  67 ,    2|| 103 ,    3||   4 ,    1||   0 ,    0||   0 ,    0||
 942 ,   24||  40 ,    1||  80 ,    2||   2 ,    0||   0 ,    0||   0 ,    0||
 972 ,   24||  24 ,    1||  66 ,    2||   1 ,    0||   0 ,    0||   0 ,    0||
 990 ,   24||  15 ,    0||  59 ,    2||   1 ,    0||   0 ,    0||   0 ,    0||
 999 ,   23||   9 ,    0||  55 ,    2||   1 ,    0||   0 ,    0||   0 ,    0||
1054 ,   24||   0 ,    0||   0 ,    0||   0 ,    0||   0 ,    0||  10 ,    0||
1053 ,   23||   0 ,    0||   0 ,    0||   0 ,    0||   0 ,    0||  10 ,    0||
1053 ,   23||   0 ,    0||   0 ,    0||   0 ,    0||   0 ,    0||  10 ,    0||
1052 ,   22||   0 ,    0||   0 ,    0||   0 ,    0||   0 ,    0||  10 ,    0||
1052 ,   22||   0 ,    0||   0 ,    0||   0 ,    0||   0 ,    0||  10 ,    0||
1052 ,   21||   0 ,    0||   0 ,    0||  11 ,    0||   0 ,    0||   0 ,    0||
1052 ,   20||   0 ,    0||   0 ,    0||  11 ,    0||   0 ,    0||   0 ,    0||
1051 ,   20||   0 ,    0||   0 ,    0||  11 ,    0||   0 ,    0||   0 ,    0||
 969 ,   18||   0 ,    0||   0 ,    0||  92 ,    2||   0 ,    0||   0 ,    0||
 910 ,   16||  78 ,    1||   0 ,    0||  73 ,    2||   0 ,    0||   0 ,    0||
 867 ,   15|| 135 ,    2||   0 ,    0||  58 ,    2||   0 ,    0||   0 ,    0||
 836 ,   14|| 177 ,    3||   0 ,    0||  46 ,    2||   0 ,    0||   0 ,    0||
 814 ,   14|| 208 ,    4||   0 ,    0||  36 ,    2||   0 ,    0||   0 ,    0||
 798 ,   13|| 220 ,    4||  12 ,    0||  28 ,    2||   0 ,    0||   0 ,    0||
 786 ,   13|| 228 ,    4||  21 ,    0||  23 ,    2||   0 ,    0||   0 ,    0||
 777 ,   13|| 234 ,    4||  28 ,    0||  18 ,    2||   0 ,    0||   0 ,    0||
 822 ,   13|| 195 ,    4||  27 ,    0||  12 ,    1||   0 ,    0||   0 ,    0||
 851 ,   14|| 136 ,    3||  60 ,    1||   9 ,    1||   0 ,    0||   0 ,    0||
 870 ,   14||  95 ,    2||  84 ,    1||   6 ,    1||   0 ,    0||   0 ,    0||
 882 ,   14||  67 ,    1|| 102 ,    2||   4 ,    0||   0 ,    0||   0 ,    0||
 934 ,   14||  40 ,    1||  79 ,    1||   2 ,    0||   0 ,    0||   0 ,    0||
 963 ,   15||  24 ,    0||  66 ,    1||   1 ,    0||   0 ,    0||   0 ,    0||
 981 ,   15||  14 ,    0||  59 ,    1||   1 ,    0||   0 ,    0||   0 ,    0||
 991 ,   14||   9 ,    0||  55 ,    1||   1 ,    0||   0 ,    0||   0 ,    0||
1045 ,   15||   0 ,    0||   0 ,    0||   0 ,    0||   0 ,    0||  10 ,    0||
1044 ,   14||   0 ,    0||   0 ,    0||   0 ,    0||   0 ,    0||  10 ,    0||
1044 ,   14||   0 ,    0||   0 ,    0||   0 ,    0||   0 ,    0||  10 ,    0||
1044 ,   14||   0 ,    0||   0 ,    0||   0 ,    0||   0 ,    0||  10 ,    0||
1043 ,   13||   0 ,    0||   0 ,    0||   0 ,    0||   0 ,    0||  10 ,    0||
1043 ,   13||   0 ,    0||   0 ,    0||  10 ,    0||   0 ,    0||   0 ,    0||
1043 ,   12||   0 ,    0||   0 ,    0||  10 ,    0||   0 ,    0||   0 ,    0||
1043 ,   12||   0 ,    0||   0 ,    0||  10 ,    0||   0 ,    0||   0 ,    0||
 962 ,   11||   0 ,    0||   0 ,    0||  92 ,    1||   0 ,    0||   0 ,    0||
 903 ,   10||  77 ,    1||   0 ,    0||  73 ,    1||   0 ,    0||   0 ,    0||
 861 ,    9|| 134 ,    1||   0 ,    0||  58 ,    1||   0 ,    0||   0 ,    0||
 830 ,    9|| 176 ,    2||   0 ,    0||  46 ,    1||   0 ,    0||   0 ,    0||
 808 ,    8|| 207 ,    2||   0 ,    0||  36 ,    1||   0 ,    0||   0 ,    0||
 792 ,    8|| 218 ,    2||  12 ,    0||  29 ,    1||   0 ,    0||   0 ,    0||
 780 ,    8|| 226 ,    2||  21 ,    0||  23 ,    1||   0 ,    0||   0 ,    0||
 772 ,    8|| 232 ,    3||  28 ,    0||  18 ,    1||   0 ,    0||   0 ,    0||
 817 ,    8|| 194 ,    2||  27 ,    0||  13 ,    1||   0 ,    0||   0 ,    0||
 846 ,    8|| 136 ,    2||  59 ,    1||   9 ,    1||   0 ,    0||   0 ,    0||
 865 ,    8||  95 ,    1||  84 ,    1||   6 ,    0||   0 ,    0||   0 ,    0||
 877 ,    8||  66 ,    1|| 102 ,    1||   4 ,    0||   0 ,    0||   0 ,    0||
 928 ,    9||  40 ,    0||  79 ,    1||   3 ,    0||   0 ,    0||   0 ,    0||
 958 ,    9||  24 ,    0||  66 ,    1||   2 ,    0||   0 ,    0||   0 ,    0||
 975 ,    9||  14 ,    0||  58 ,    1||   1 ,    0||   0 ,    0||   0 ,    0||
 985 ,    9||   9 ,    0||  55 ,    1||   1 ,    0||   0 ,    0||   0 ,    0||
1039 ,    9||   0 ,    0||   0 ,    0||   0 ,    0||   0 ,    0||  10 ,    0||
1038 ,    9||   0 ,    0||   0 ,    0||   0 ,    0||   0 ,    0||  10 ,    0||
1038 ,    8||   0 ,    0||   0 ,    0||   0 ,    0||   0 ,    0||  10 ,    0||
1038 ,    8||   0 ,    0||   0 ,    0||   0 ,    0||   0 ,    0||  10 ,    0||
1038 ,    8||   0 ,    0||   0 ,    0||   0 ,    0||   0 ,    0||  10 ,    0||
1038 ,    8||   0 ,    0||   0 ,    0||  10 ,    0||   0 ,    0||   0 ,    0||
1038 ,    8||   0 ,    0||   0 ,    0||  10 ,    0||   0 ,    0||   0 ,    0||
1038 ,    7||   0 ,    0||   0 ,    0||  10 ,    0||   0 ,    0||   0 ,    0||
 957 ,    7||   0 ,    0||   0 ,    0||  91 ,    1||   0 ,    0||   0 ,    0||
 898 ,    6||  77 ,    1||   0 ,    0||  73 ,    1||   0 ,    0||   0 ,    0||
 856 ,    6|| 133 ,    1||   0 ,    0||  58 ,    1||   0 ,    0||   0 ,    0||
 826 ,    5|| 175 ,    1||   0 ,    0||  46 ,    1||   0 ,    0||   0 ,    0||
 804 ,    5|| 206 ,    1||   0 ,    0||  37 ,    1||   0 ,    0||   0 ,    0||
 788 ,    5|| 217 ,    1||  12 ,    0||  29 ,    1||   0 ,    0||   0 ,    0||
 777 ,    5|| 225 ,    1||  21 ,    0||  23 ,    1||   0 ,    0||   0 ,    0||
 769 ,    5|| 231 ,    2||  28 ,    0||  19 ,    1||   0 ,    0||   0 ,    0||
 813 ,    5|| 193 ,    1||  26 ,    0||  13 ,    0||   0 ,    0||   0 ,    0||
 843 ,    5|| 135 ,    1||  59 ,    0||   9 ,    0||   0 ,    0||   0 ,    0||
 861 ,    5||  95 ,    1||  84 ,    1||   6 ,    0||   0 ,    0||   0 ,    0||
 874 ,    5||  66 ,    0|| 101 ,    1||   4 ,    0||   0 ,    0||   0 ,    0||
 925 ,    5||  40 ,    0||  78 ,    1||   3 ,    0||   0 ,    0||   0 ,    0||
 955 ,    5||  24 ,    0||  65 ,    0||   2 ,    0||   0 ,    0||   0 ,    0||
 972 ,    5||  14 ,    0||  58 ,    0||   1 ,    0||   0 ,    0||   0 ,    0||
 982 ,    5||   9 ,    0||  54 ,    0||   1 ,    0||   0 ,    0||   0 ,    0||
1036 ,    5||   0 ,    0||   0 ,    0||   0 ,    0||   0 ,    0||  10 ,    0||
1035 ,    5||   0 ,    0||   0 ,    0||   0 ,    0||   0 ,    0||  10 ,    0||
1035 ,    5||   0 ,    0||   0 ,    0||   0 ,    0||   0 ,    0||  10 ,    0||
1035 ,    5||   0 ,    0||   0 ,    0||   0 ,    0||   0 ,    0||  10 ,    0||
1035 ,    5||   0 ,    0||   0 ,    0||   0 ,    0||   0 ,    0||  10 ,    0||
1035 ,    5||   0 ,    0||   0 ,    0||  10 ,    0||   0 ,    0||   0 ,    0||
1035 ,    5||   0 ,    0||   0 ,    0||  10 ,    0||   0 ,    0||   0 ,    0||
1035 ,    4||   0 ,    0||   0 ,    0||  10 ,    0||   0 ,    0||   0 ,    0||
 954 ,    4||   0 ,    0||   0 ,    0||  91 ,    0||   0 ,    0||   0 ,    0||
 896 ,    4||  76 ,    0||   0 ,    0||  73 ,    0||   0 ,    0||   0 ,    0||
 854 ,    3|| 133 ,    1||   0 ,    0||  58 ,    1||   0 ,    0||   0 ,    0||
 824 ,    3|| 174 ,    1||   0 ,    0||  46 ,    1||   0 ,    0||   0 ,    0||
 802 ,    3|| 205 ,    1||   0 ,    0||  37 ,    1||   0 ,    0||   0 ,    0||
 786 ,    3|| 217 ,    1||  12 ,    0||  29 ,    0||   0 ,    0||   0 ,    0||
 775 ,    3|| 225 ,    1||  21 ,    0||  23 ,    0||   0 ,    0||   0 ,    0||
 767 ,    3|| 231 ,    1||  28 ,    0||  19 ,    0||   0 ,    0||   0 ,    0||
 812 ,    3|| 193 ,    1||  26 ,    0||  13 ,    0||   0 ,    0||   0 ,    0||
 841 ,    3|| 135 ,    1||  59 ,    0||   9 ,    0||   0 ,    0||   0 ,    0||
 859 ,    3||  94 ,    0||  83 ,    0||   6 ,    0||   0 ,    0||   0 ,    0||
 872 ,    3||  66 ,    0|| 101 ,    0||   4 ,    0||   0 ,    0||   0 ,    0||
 923 ,    3||  40 ,    0||  78 ,    0||   3 ,    0||   0 ,    0||   0 ,    0||
 953 ,    3||  24 ,    0||  65 ,    0||   2 ,    0||   0 ,    0||   0 ,    0||
 970 ,    3||  14 ,    0||  58 ,    0||   1 ,    0||   0 ,    0||   0 ,    0||
 980 ,    3||   9 ,    0||  54 ,    0||   1 ,    0||   0 ,    0||   0 ,    0||
1034 ,    3||   0 ,    0||   0 ,    0||   0 ,    0||   0 ,    0||  10 ,    0||
1033 ,    3||   0 ,    0||   0 ,    0||   0 ,    0||   0 ,    0||  10 ,    0||
1033 ,    3||   0 ,    0||   0 ,    0||   0 ,    0||   0 ,    0||  10 ,    0||
1033 ,    3||   0 ,    0||   0 ,    0||   0 ,    0||   0 ,    0||  10 ,    0||
1033 ,    3||   0 ,    0||   0 ,    0||   0 ,    0||   0 ,    0||  10 ,    0||
1033 ,    3||   0 ,    0||   0 ,    0||  10 ,    0||   0 ,    0||   0 ,    0||
1033 ,    3||   0 ,    0||   0 ,    0||  10 ,    0||   0 ,    0||   0 ,    0||
1033 ,    3||   0 ,    0||   0 ,    0||  10 ,    0||   0 ,    0||   0 ,    0||
 952 ,    2||   0 ,    0||   0 ,    0||  91 ,    0||   0 ,    0||   0 ,    0||
 894 ,    2||  76 ,    0||   0 ,    0||  73 ,    0||   0 ,    0||   0 ,    0||
 852 ,    2|| 132 ,    0||   0 ,    0||  58 ,    0||   0 ,    0||   0 ,    0||
 822 ,    2|| 174 ,    0||   0 ,    0||  46 ,    0||   0 ,    0||   0 ,    0||
 801 ,    2|| 205 ,    0||   0 ,    0||  37 ,    0||   0 ,    0||   0 ,    0||
 785 ,    2|| 216 ,    1||  12 ,    0||  30 ,    0||   0 ,    0||   0 ,    0||
 774 ,    2|| 225 ,    1||  21 ,    0||  24 ,    0||   0 ,    0||   0 ,    0||
 766 ,    2|| 230 ,    1||  28 ,    0||  19 ,    0||   0 ,    0||   0 ,    0||
 810 ,    2|| 193 ,    0||  26 ,    0||  13 ,    0||   0 ,    0||   0 ,    0||
 839 ,    2|| 135 ,    0||  59 ,    0||   9 ,    0||   0 ,    0||   0 ,    0||
 858 ,    2||  94 ,    0||  83 ,    0||   6 ,    0||   0 ,    0||   0 ,    0||
 871 ,    2||  66 ,    0|| 101 ,    0||   5 ,    0||   0 ,    0||   0 ,    0||
 922 ,    2||  40 ,    0||  78 ,    0||   3 ,    0||   0 ,    0||   0 ,    0||
 952 ,    2||  24 ,    0||  65 ,    0||   2 ,    0||   0 ,    0||   0 ,    0||
 969 ,    2||  14 ,    0||  58 ,    0||   1 ,    0||   0 ,    0||   0 ,    0||
 979 ,    2||   9 ,    0||  54 ,    0||   1 ,    0||   0 ,    0||   0 ,    0||
1032 ,    2||   0 ,    0||   0 ,    0||   0 ,    0||   0 ,    0||  10 ,    0||
1032 ,    2||   0 ,    0||   0 ,    0||   0 ,    0||   0 ,    0||  10 ,    0||
1032 ,    2||   0 ,    0||   0 ,    0||   0 ,    0||   0 ,    0||  10 ,    0||
1032 ,    2||   0 ,    0||   0 ,    0||   0 ,    0||   0 ,    0||  10 ,    0||
1032 ,    2||   0 ,    0||   0 ,    0||   0 ,    0||   0 ,    0||  10 ,    0||
1032 ,    2||   0 ,    0||   0 ,    0||  10 ,    0||   0 ,    0||   0 ,    0||
1032 ,    2||   0 ,    0||   0 ,    0||  10 ,    0||   0 ,    0||   0 ,    0||
1032 ,    2||   0 ,    0||   0 ,    0||  10 ,    0||   0 ,    0||   0 ,    0||
 951 ,    1||   0 ,    0||   0 ,    0||  91 ,    0||   0 ,    0||   0 ,    0||
 893 ,    1||  76 ,    0||   0 ,    0||  73 ,    0||   0 ,    0||   0 ,    0||
 852 ,    1|| 132 ,    0||   0 ,    0||  58 ,    0||   0 ,    0||   0 ,    0||
 821 ,    1|| 174 ,    0||   0 ,    0||  46 ,    0||   0 ,    0||   0 ,    0||
 800 ,    1|| 205 ,    0||   0 ,    0||  37 ,    0||   0 ,    0||   0 ,    0||
 784 ,    1|| 216 ,    0||  12 ,    0||  30 ,    0||   0 ,    0||   0 ,    0||
 773 ,    1|| 224 ,    0||  21 ,    0||  24 ,    0||   0 ,    0||   0 ,    0||
 765 ,    1|| 230 ,    0||  28 ,    0||  19 ,    0||   0 ,    0||   0 ,    0||
 810 ,    1|| 192 ,    0||  26 ,    0||  13 ,    0||   0 ,    0||   0 ,    0||
 839 ,    1|| 135 ,    0||  59 ,    0||   9 ,    0||   0 ,    0||   0 ,    0||
 858 ,    1||  94 ,    0||  83 ,    0||   6 ,    0||   0 ,    0||   0 ,    0||
 870 ,    1||  66 ,    0|| 101 ,    0||   5 ,    0||   0 ,    0||   0 ,    0||
 921 ,    1||  40 ,    0||  78 ,    0||   3 ,    0||   0 ,    0||   0 ,    0||
 951 ,    1||  24 ,    0||  65 ,    0||   2 ,    0||   0 ,    0||   0 ,    0||
 968 ,    1||  14 ,    0||  58 ,    0||   1 ,    0||   0 ,    0||   0 ,    0||
 978 ,    1||   9 ,    0||  54 ,    0||   1 ,    0||   0 ,    0||   0 ,    0||
1032 ,    1||   0 ,    0||   0 ,    0||   0 ,    0||   0 ,    0||  10 ,    0||
1031 ,    1||   0 ,    0||   0 ,    0||   0 ,    0||   0 ,    0||  10 ,    0||
1031 ,    1||   0 ,    0||   0 ,    0||   0 ,    0||   0 ,    0||  10 ,    0||
1031 ,    1||   0 ,    0||   0 ,    0||   0 ,    0||   0 ,    0||  10 ,    0||
1031 ,    1||   0 ,    0||   0 ,    0||   0 ,    0||   0 ,    0||  10 ,    0||
1031 ,    1||   0 ,    0||   0 ,    0||  10 ,    0||   0 ,    0||   0 ,    0||
1031 ,    1||   0 ,    0||   0 ,    0||  10 ,    0||   0 ,    0||   0 ,    0||
1031 ,    1||   0 ,    0||   0 ,    0||  10 ,    0||   0 ,    0||   0 ,    0||
 951 ,    1||   0 ,    0||   0 ,    0||  91 ,    0||   0 ,    0||   0 ,    0||
 893 ,    1||  76 ,    0||   0 ,    0||  73 ,    0||   0 ,    0||   0 ,    0||
 851 ,    1|| 132 ,    0||   0 ,    0||  58 ,    0||   0 ,    0||   0 ,    0||
 821 ,    1|| 174 ,    0||   0 ,    0||  46 ,    0||   0 ,    0||   0 ,    0||
 799 ,    1|| 205 ,    0||   0 ,    0||  37 ,    0||   0 ,    0||   0 ,    0||
 784 ,    1|| 216 ,    0||  12 ,    0||  30 ,    0||   0 ,    0||   0 ,    0||
 772 ,    1|| 224 ,    0||  21 ,    0||  24 ,    0||   0 ,    0||   0 ,    0||
 764 ,    1|| 230 ,    0||  28 ,    0||  19 ,    0||   0 ,    0||   0 ,    0||
 809 ,    1|| 192 ,    0||  26 ,    0||  13 ,    0||   0 ,    0||   0 ,    0||
 838 ,    1|| 135 ,    0||  59 ,    0||   9 ,    0||   0 ,    0||   0 ,    0||
 857 ,    1||  94 ,    0||  83 ,    0||   6 ,    0||   0 ,    0||   0 ,    0||
 869 ,    1||  66 ,    0|| 101 ,    0||   5 ,    0||   0 ,    0||   0 ,    0||
 921 ,    1||  40 ,    0||  78 ,    0||   3 ,    0||   0 ,    0||   0 ,    0||
 950 ,    1||  24 ,    0||  65 ,    0||   2 ,    0||   0 ,    0||   0 ,    0||
 968 ,    1||  14 ,    0||  58 ,    0||   1 ,    0||   0 ,    0||   0 ,    0||
 978 ,    1||   9 ,    0||  54 ,    0||   1 ,    0||   0 ,    0||   0 ,    0||
1031 ,    1||   0 ,    0||   0 ,    0||   0 ,    0||   0 ,    0||  10 ,    0||
1031 ,    1||   0 ,    0||   0 ,    0||   0 ,    0||   0 ,    0||  10 ,    0||
1031 ,    1||   0 ,    0||   0 ,    0||   0 ,    0||   0 ,    0||  10 ,    0||
1031 ,    1||   0 ,    0||   0 ,    0||   0 ,    0||   0 ,    0||  10 ,    0||
1031 ,    1||   0 ,    0||   0 ,    0||   0 ,    0||   0 ,    0||  10 ,    0||
1031 ,    1||   0 ,    0||   0 ,    0||  10 ,    0||   0 ,    0||   0 ,    0||
1031 ,    1||   0 ,    0||   0 ,    0||  10 ,    0||   0 ,    0||   0 ,    0||
1031 ,    1||   0 ,    0||   0 ,    0||  10 ,    0||   0 ,    0||   0 ,    0||
 950 ,    1||   0 ,    0||   0 ,    0||  91 ,    0||   0 ,    0||   0 ,    0||
 892 ,    0||  76 ,    0||   0 ,    0||  73 ,    0||   0 ,    0||   0 ,    0||
 851 ,    0|| 132 ,    0||   0 ,    0||  58 ,    0||   0 ,    0||   0 ,    0||
 821 ,    0|| 174 ,    0||   0 ,    0||  46 ,    0||   0 ,    0||   0 ,    0||
 799 ,    0|| 205 ,    0||   0 ,    0||  37 ,    0||   0 ,    0||   0 ,    0||
 783 ,    0|| 216 ,    0||  12 ,    0||  30 ,    0||   0 ,    0||   0 ,    0||
 772 ,    0|| 224 ,    0||  21 ,    0||  24 ,    0||   0 ,    0||   0 ,    0||
 764 ,    0|| 230 ,    0||  28 ,    0||  19 ,    0||   0 ,    0||   0 ,    0||
 809 ,    0|| 192 ,    0||  26 ,    0||  13 ,    0||   0 ,    0||   0 ,    0||
 838 ,    0|| 135 ,    0||  59 ,    0||   9 ,    0||   0 ,    0||   0 ,    0||
 857 ,    0||  94 ,    0||  83 ,    0||   7 ,    0||   0 ,    0||   0 ,    0||
 869 ,    0||  66 ,    0|| 101 ,    0||   5 ,    0||   0 ,    0||   0 ,    0||
 920 ,    0||  40 ,    0||  78 ,    0||   3 ,    0||   0 ,    0||   0 ,    0||
 950 ,    0||  24 ,    0||  65 ,    0||   2 ,    0||   0 ,    0||   0 ,    0||
 967 ,    0||  14 ,    0||  58 ,    0||   1 ,    0||   0 ,    0||   0 ,    0||
 977 ,    0||   9 ,    0||  54 ,    0||   1 ,    0||   0 ,    0||   0 ,    0||
1031 ,    0||   0 ,    0||   0 ,    0||   0 ,    0||   0 ,    0||  10 ,    0||
1030 ,    0||   0 ,    0||   0 ,    0||   0 ,    0||   0 ,    0||  10 ,    0||
1030 ,    0||   0 ,    0||   0 ,    0||   0 ,    0||   0 ,    0||  10 ,    0||
1030 ,    0||   0 ,    0||   0 ,    0||   0 ,    0||   0 ,    0||  10 ,    0||
1030 ,    0||   0 ,    0||   0 ,    0||   0 ,    0||   0 ,    0||  10 ,    0||
1030 ,    0||   0 ,    0||   0 ,    0||  10 ,    0||   0 ,    0||   0 ,    0||
1030 ,    0||   0 ,    0||   0 ,    0||  10 ,    0||   0 ,    0||   0 ,    0||
1030 ,    0||   0 ,    0||   0 ,    0||  10 ,    0||   0 ,    0||   0 ,    0||
 950 ,    0||   0 ,    0||   0 ,    0||  91 ,    0||   0 ,    0||   0 ,    0||
 892 ,    0||  76 ,    0||   0 ,    0||  73 ,    0||   0 ,    0||   0 ,    0||
 850 ,    0|| 132 ,    0||   0 ,    0||  58 ,    0||   0 ,    0||   0 ,    0||
 820 ,    0|| 174 ,    0||   0 ,    0||  46 ,    0||   0 ,    0||   0 ,    0||
 799 ,    0|| 205 ,    0||   0 ,    0||  37 ,    0||   0 ,    0||   0 ,    0||
 783 ,    0|| 216 ,    0||  12 ,    0||  30 ,    0||   0 ,    0||   0 ,    0||
 772 ,    0|| 224 ,    0||  21 ,    0||  24 ,    0||   0 ,    0||   0 ,    0||
 764 ,    0|| 230 ,    0||  28 ,    0||  19 ,    0||   0 ,    0||   0 ,    0||
 809 ,    0|| 192 ,    0||  26 ,    0||  13 ,    0||   0 ,    0||   0 ,    0||
 838 ,    0|| 135 ,    0||  59 ,    0||   9 ,    0||   0 ,    0||   0 ,    0||
 857 ,    0||  94 ,    0||  83 ,    0||   7 ,    0||   0 ,    0||   0 ,    0||
 869 ,    0||  66 ,    0|| 101 ,    0||   5 ,    0||   0 ,    0||   0 ,    0||
 920 ,    0||  40 ,    0||  78 ,    0||   3 ,    0||   0 ,    0||   0 ,    0||
 950 ,    0||  24 ,    0||  65 ,    0||   2 ,    0||   0 ,    0||   0 ,    0||
 967 ,    0||  14 ,    0||  58 ,    0||   1 ,    0||   0 ,    0||   0 ,    0||
 977 ,    0||   9 ,    0||  54 ,    0||   1 ,    0||   0 ,    0||   0 ,    0||
1031 ,    0||   0 ,    0||   0 ,    0||   0 ,    0||   0 ,    0||  10 ,    0||
1030 ,    0||   0 ,    0||   0 ,    0||   0 ,    0||   0 ,    0||  10 ,    0||
1030 ,    0||   0 ,    0||   0 ,    0||   0 ,    0||   0 ,    0||  10 ,    0||
1030 ,    0||   0 ,    0||   0 ,    0||   0 ,    0||   0 ,    0||  10 ,    0||
1030 ,    0||   0 ,    0||   0 ,    0||   0 ,    0||   0 ,    0||  10 ,    0||
1030 ,    0||   0 ,    0||   0 ,    0||  10 ,    0||   0 ,    0||   0 ,    0||
1030 ,    0||   0 ,    0||   0 ,    0||  10 ,    0||   0 ,    0||   0 ,    0||
1030 ,    0||   0 ,    0||   0 ,    0||  10 ,    0||   0 ,    0||   0 ,    0||
 950 ,    0||   0 ,    0||   0 ,    0||  91 ,    0||   0 ,    0||   0 ,    0||
 892 ,    0||  76 ,    0||   0 ,    0||  73 ,    0||   0 ,    0||   0 ,    0||
 850 ,    0|| 132 ,    0||   0 ,    0||  58 ,    0||   0 ,    0||   0 ,    0||
 820 ,    0|| 174 ,    0||   0 ,    0||  46 ,    0||   0 ,    0||   0 ,    0||
 799 ,    0|| 205 ,    0||   0 ,    0||  37 ,    0||   0 ,    0||   0 ,    0||
 783 ,    0|| 216 ,    0||  12 ,    0||  30 ,    0||   0 ,    0||   0 ,    0||
 772 ,    0|| 224 ,    0||  21 ,    0||  24 ,    0||   0 ,    0||   0 ,    0||
 764 ,    0|| 230 ,    0||  28 ,    0||  19 ,    0||   0 ,    0||   0 ,    0||
 809 ,    0|| 192 ,    0||  26 ,    0||  13 ,    0||   0 ,    0||   0 ,    0||
 838 ,    0|| 135 ,    0||  59 ,    0||   9 ,    0||   0 ,    0||   0 ,    0||
 857 ,    0||  94 ,    0||  83 ,    0||   7 ,    0||   0 ,    0||   0 ,    0||
 869 ,    0||  66 ,    0|| 101 ,    0||   5 ,    0||   0 ,    0||   0 ,    0||
 920 ,    0||  40 ,    0||  78 ,    0||   3 ,    0||   0 ,    0||   0 ,    0||
 950 ,    0||  24 ,    0||  65 ,    0||   2 ,    0||   0 ,    0||   0 ,    0||
 967 ,    0||  14 ,    0||  58 ,    0||   1 ,    0||   0 ,    0||   0 ,    0||
 977 ,    0||   9 ,    0||  54 ,    0||   1 ,    0||   0 ,    0||   0 ,    0||
1031 ,    0||   0 ,    0||   0 ,    0||   0 ,    0||   0 ,    0||  10 ,    0||
1030 ,    0||   0 ,    0||   0 ,    0||   0 ,    0||   0 ,    0||  10 ,    0||
1030 ,    0||   0 ,    0||   0 ,    0||   0 ,    0||   0 ,    0||  10 ,    0||
1030 ,    0||   0 ,    0||   0 ,    0||   0 ,    0||   0 ,    0||  10 ,    0||
1030 ,    0||   0 ,    0||   0 ,    0||   0 ,    0||   0 ,    0||  10 ,    0||
1030 ,    0||   0 ,    0||   0 ,    0||  10 ,    0||   0 ,    0||   0 ,    0||
1030 ,    0||   0 ,    0||   0 ,    0||  10 ,    0||   0 ,    0||   0 ,    0||
1030 ,    0||   0 ,    0||   0 ,    0||  10 ,    0||   0 ,    0||   0 ,    0||
 950 ,    0||   0 ,    0||   0 ,    0||  91 ,    0||   0 ,    0||   0 ,    0||
 892 ,    0||  76 ,    0||   0 ,    0||  73 ,    0||   0 ,    0||   0 ,    0||
 850 ,    0|| 132 ,    0||   0 ,    0||  58 ,    0||   0 ,    0||   0 ,    0||
 820 ,    0|| 174 ,    0||   0 ,    0||  46 ,    0||   0 ,    0||   0 ,    0||
 799 ,    0|| 205 ,    0||   0 ,    0||  37 ,    0||   0 ,    0||   0 ,    0||
 783 ,    0|| 216 ,    0||  12 ,    0||  30 ,    0||   0 ,    0||   0 ,    0||
 772 ,    0|| 224 ,    0||  21 ,    0||  24 ,    0||   0 ,    0||   0 ,    0||
 764 ,    0|| 230 ,    0||  28 ,    0||  19 ,    0||   0 ,    0||   0 ,    0||
 809 ,    0|| 192 ,    0||  26 ,    0||  13 ,    0||   0 ,    0||   0 ,    0||
 838 ,    0|| 135 ,    0||  59 ,    0||   9 ,    0||   0 ,    0||   0 ,    0||
 857 ,    0||  94 ,    0||  83 ,    0||   7 ,    0||   0 ,    0||   0 ,    0||
 869 ,    0||  66 ,    0|| 101 ,    0||   5 ,    0||   0 ,    0||   0 ,    0||
 920 ,    0||  40 ,    0||  78 ,    0||   3 ,    0||   0 ,    0||   0 ,    0||
 950 ,    0||  24 ,    0||  65 ,    0||   2 ,    0||   0 ,    0||   0 ,    0||
 967 ,    0||  14 ,    0||  58 ,    0||   1 ,    0||   0 ,    0||   0 ,    0||
 977 ,    0||   9 ,    0||  54 ,    0||   1 ,    0||   0 ,    0||   0 ,    0||
1031 ,    0||   0 ,    0||   0 ,    0||   0 ,    0||   0 ,    0||  10 ,    0||
1030 ,    0||   0 ,    0||   0 ,    0||   0 ,    0||   0 ,    0||  10 ,    0||
1030 ,    0||   0 ,    0||   0 ,    0||   0 ,    0||   0 ,    0||  10 ,    0||
1030 ,    0||   0 ,    0||   0 ,    0||   0 ,    0||   0 ,    0||  10 ,    0||
1030 ,    0||   0 ,    0||   0 ,    0||   0 ,    0||   0 ,    0||  10 ,    0||
1030 ,    0||   0 ,    0||   0 ,    0||  10 ,    0||   0 ,    0||   0 ,    0||
1030 ,    0||   0 ,    0||   0 ,    0||  10 ,    0||   0 ,    0||   0 ,    0||
1030 ,    0||   0 ,    0||   0 ,    0||  10 ,    0||   0 ,    0||   0 ,    0||
 950 ,    0||   0 ,    0||   0 ,    0||  91 ,    0||   0 ,    0||   0 ,    0||
 892 ,    0||  76 ,    0||   0 ,    0||  73 ,    0||   0 ,    0||   0 ,    0||
 850 ,    0|| 132 ,    0||   0 ,    0||  58 ,    0||   0 ,    0||   0 ,    0||
 820 ,    0|| 174 ,    0||   0 ,    0||  46 ,    0||   0 ,    0||   0 ,    0||
 799 ,    0|| 205 ,    0||   0 ,    0||  37 ,    0||   0 ,    0||   0 ,    0||
 783 ,    0|| 216 ,    0||  12 ,    0||  30 ,    0||   0 ,    0||   0 ,    0||
 772 ,    0|| 224 ,    0||  21 ,    0||  24 ,    0||   0 ,    0||   0 ,    0||
 764 ,    0|| 230 ,    0||  28 ,    0||  19 ,    0||   0 ,    0||   0 ,    0||
 809 ,    0|| 192 ,    0||  26 ,    0||  13 ,    0||   0 ,    0||   0 ,    0||
 838 ,    0|| 135 ,    0||  59 ,    0||   9 ,    0||   0 ,    0||   0 ,    0||
 857 ,    0||  94 ,    0||  83 ,    0||   7 ,    0||   0 ,    0||   0 ,    0||
 869 ,    0||  66 ,    0|| 101 ,    0||   5 ,    0||   0 ,    0||   0 ,    0||
 920 ,    0||  40 ,    0||  78 ,    0||   3 ,    0||   0 ,    0||   0 ,    0||
 950 ,    0||  24 ,    0||  65 ,    0||   2 ,    0||   0 ,    0||   0 ,    0||
 967 ,    0||  14 ,    0||  58 ,    0||   1 ,    0||   0 ,    0||   0 ,    0||
 977 ,    0||   9 ,    0||  54 ,    0||   1 ,    0||   0 ,    0||   0 ,    0||
1030 ,    0||   0 ,    0||   0 ,    0||   0 ,    0||   0 ,    0||  10 ,    0||
1030 ,    0||   0 ,    0||   0 ,    0||   0 ,    0||   0 ,    0||  10 ,    0||
1030 ,    0||   0 ,    0||   0 ,    0||   0 ,    0||   0 ,    0||  10 ,    0||
1030 ,    0||   0 ,    0||   0 ,    0||   0 ,    0||   0 ,    0||  10 ,    0||
1030 ,    0||   0 ,    0||   0 ,    0||   0 ,    0||   0 ,    0||  10 ,    0||
1030 ,    0||   0 ,    0||   0 ,    0||  10 ,    0||   0 ,    0||   0 ,    0||
1030 ,    0||   0 ,    0||   0 ,    0||  10 ,    0||   0 ,    0||   0 ,    0||
1030 ,    0||   0 ,    0||   0 ,    0||  10 ,    0||   0 ,    0||   0 ,    0||
 950 ,    0||   0 ,    0||   0 ,    0||  91 ,    0||   0 ,    0||   0 ,    0||
 892 ,    0||  76 ,    0||   0 ,    0||  73 ,    0||   0 ,    0||   0 ,    0||
 850 ,    0|| 132 ,    0||   0 ,    0||  58 ,    0||   0 ,    0||   0 ,    0||
 820 ,    0|| 174 ,    0||   0 ,    0||  46 ,    0||   0 ,    0||   0 ,    0||
 799 ,    0|| 205 ,    0||   0 ,    0||  37 ,    0||   0 ,    0||   0 ,    0||
 783 ,    0|| 216 ,    0||  12 ,    0||  30 ,    0||   0 ,    0||   0 ,    0||
 772 ,    0|| 224 ,    0||  21 ,    0||  24 ,    0||   0 ,    0||   0 ,    0||
 764 ,    0|| 230 ,    0||  28 ,    0||  19 ,    0||   0 ,    0||   0 ,    0||
 809 ,    0|| 192 ,    0||  26 ,    0||  13 ,    0||   0 ,    0||   0 ,    0||
 838 ,    0|| 135 ,    0||  59 ,    0||   9 ,    0||   0 ,    0||   0 ,    0||
 857 ,    0||  94 ,    0||  83 ,    0||   7 ,    0||   0 ,    0||   0 ,    0||
 869 ,    0||  66 ,    0|| 101 ,    0||   5 ,    0||   0 ,    0||   0 ,    0||
 920 ,    0||  40 ,    0||  78 ,    0||   3 ,    0||   0 ,    0||   0 ,    0||
 950 ,    0||  24 ,    0||  65 ,    0||   2 ,    0||   0 ,    0||   0 ,    0||
 967 ,    0||  14 ,    0||  58 ,    0||   1 ,    0||   0 ,    0||   0 ,    0||
 977 ,    0||   9 ,    0||  54 ,    0||   1 ,    0||   0 ,    0||   0 ,    0||
1030 ,    0||   0 ,    0||   0 ,    0||   0 ,    0||   0 ,    0||  10 ,    0||
1030 ,    0||   0 ,    0||   0 ,    0||   0 ,    0||   0 ,    0||  10 ,    0||
1030 ,    0||   0 ,    0||   0 ,    0||   0 ,    0||   0 ,    0||  10 ,    0||
1030 ,    0||   0 ,    0||   0 ,    0||   0 ,    0||   0 ,    0||  10 ,    0||
1030 ,    0||   0 ,    0||   0 ,    0||   0 ,    0||   0 ,    0||  10 ,    0||
1030 ,    0||   0 ,    0||   0 ,    0||  10 ,    0||   0 ,    0||   0 ,    0||
1030 ,    0||   0 ,    0||   0 ,    0||  10 ,    0||   0 ,    0||   0 ,    0||
1030 ,    0||   0 ,    0||   0 ,    0||  10 ,    0||   0 ,    0||   0 ,    0||
 950 ,    0||   0 ,    0||   0 ,    0||  91 ,    0||   0 ,    0||   0 ,    0||
 892 ,    0||  76 ,    0||   0 ,    0||  73 ,    0||   0 ,    0||   0 ,    0||
 850 ,    0|| 132 ,    0||   0 ,    0||  58 ,    0||   0 ,    0||   0 ,    0||
 820 ,    0|| 174 ,    0||   0 ,    0||  46 ,    0||   0 ,    0||   0 ,    0||
 799 ,    0|| 205 ,    0||   0 ,    0||  37 ,    0||   0 ,    0||   0 ,    0||
 783 ,    0|| 216 ,    0||  12 ,    0||  30 ,    0||   0 ,    0||   0 ,    0||
 772 ,    0|| 224 ,    0||  21 ,    0||  24 ,    0||   0 ,    0||   0 ,    0||
 764 ,    0|| 230 ,    0||  28 ,    0||  19 ,    0||   0 ,    0||   0 ,    0||
 809 ,    0|| 192 ,    0||  26 ,    0||  13 ,    0||   0 ,    0||   0 ,    0||
 838 ,    0|| 135 ,    0||  59 ,    0||   9 ,    0||   0 ,    0||   0 ,    0||
 857 ,    0||  94 ,    0||  83 ,    0||   7 ,    0||   0 ,    0||   0 ,    0||
 869 ,    0||  66 ,    0|| 101 ,    0||   5 ,    0||   0 ,    0||   0 ,    0||
 920 ,    0||  40 ,    0||  78 ,    0||   3 ,    0||   0 ,    0||   0 ,    0||
 950 ,    0||  24 ,    0||  65 ,    0||   2 ,    0||   0 ,    0||   0 ,    0||
 967 ,    0||  14 ,    0||  58 ,    0||   1 ,    0||   0 ,    0||   0 ,    0||
 977 ,    0||   9 ,    0||  54 ,    0||   1 ,    0||   0 ,    0||   0 ,    0||
1030 ,    0||   0 ,    0||   0 ,    0||   0 ,    0||   0 ,    0||  10 ,    0||
1030 ,    0||   0 ,    0||   0 ,    0||   0 ,    0||   0 ,    0||  10 ,    0||
1030 ,    0||   0 ,    0||   0 ,    0||   0 ,    0||   0 ,    0||  10 ,    0||
1030 ,    0||   0 ,    0||   0 ,    0||   0 ,    0||   0 ,    0||  10 ,    0||
1030 ,    0||   0 ,    0||   0 ,    0||   0 ,    0||   0 ,    0||  10 ,    0||
1030 ,    0||   0 ,    0||   0 ,    0||  10 ,    0||   0 ,    0||   0 ,    0||
1030 ,    0||   0 ,    0||   0 ,    0||  10 ,    0||   0 ,    0||   0 ,    0||
1030 ,    0||   0 ,    0||   0 ,    0||  10 ,    0||   0 ,    0||   0 ,    0||
 950 ,    0||   0 ,    0||   0 ,    0||  91 ,    0||   0 ,    0||   0 ,    0||
 892 ,    0||  76 ,    0||   0 ,    0||  73 ,    0||   0 ,    0||   0 ,    0||
 850 ,    0|| 132 ,    0||   0 ,    0||  58 ,    0||   0 ,    0||   0 ,    0||
 820 ,    0|| 174 ,    0||   0 ,    0||  46 ,    0||   0 ,    0||   0 ,    0||
 799 ,    0|| 205 ,    0||   0 ,    0||  37 ,    0||   0 ,    0||   0 ,    0||
 783 ,    0|| 216 ,    0||  12 ,    0||  30 ,    0||   0 ,    0||   0 ,    0||
 772 ,    0|| 224 ,    0||  21 ,    0||  24 ,    0||   0 ,    0||   0 ,    0||
 764 ,    0|| 230 ,    0||  28 ,    0||  19 ,    0||   0 ,    0||   0 ,    0||
 808 ,    0|| 192 ,    0||  26 ,    0||  13 ,    0||   0 ,    0||   0 ,    0||
 838 ,    0|| 135 ,    0||  59 ,    0||   9 ,    0||   0 ,    0||   0 ,    0||
 856 ,    0||  94 ,    0||  83 ,    0||   7 ,    0||   0 ,    0||   0 ,    0||
 869 ,    0||  66 ,    0|| 101 ,    0||   5 ,    0||   0 ,    0||   0 ,    0||
 920 ,    0||  40 ,    0||  78 ,    0||   3 ,    0||   0 ,    0||   0 ,    0||
 950 ,    0||  24 ,    0||  65 ,    0||   2 ,    0||   0 ,    0||   0 ,    0||
 967 ,    0||  14 ,    0||  58 ,    0||   1 ,    0||   0 ,    0||   0 ,    0||
 977 ,    0||   9 ,    0||  54 ,    0||   1 ,    0||   0 ,    0||   0 ,    0||
1030 ,    0||   0 ,    0||   0 ,    0||   0 ,    0||   0 ,    0||  10 ,    0||
1030 ,    0||   0 ,    0||   0 ,    0||   0 ,    0||   0 ,    0||  10 ,    0||
1030 ,    0||   0 ,    0||   0 ,    0||   0 ,    0||   0 ,    0||  10 ,    0||
1030 ,    0||   0 ,    0||   0 ,    0||   0 ,    0||   0 ,    0||  10 ,    0||
1030 ,    0||   0 ,    0||   0 ,    0||   0 ,    0||   0 ,    0||  10 ,    0||
1030 ,    0||   0 ,    0||   0 ,    0||  10 ,    0||   0 ,    0||   0 ,    0||
1030 ,    0||   0 ,    0||   0 ,    0||  10 ,    0||   0 ,    0||   0 ,    0||
1030 ,    0||   0 ,    0||   0 ,    0||  10 ,    0||   0 ,    0||   0 ,    0||
 950 ,    0||   0 ,    0||   0 ,    0||  91 ,    0||   0 ,    0||   0 ,    0||
 892 ,    0||  76 ,    0||   0 ,    0||  73 ,    0||   0 ,    0||   0 ,    0||
 850 ,    0|| 132 ,    0||   0 ,    0||  58 ,    0||   0 ,    0||   0 ,    0||
 820 ,    0|| 174 ,    0||   0 ,    0||  46 ,    0||   0 ,    0||   0 ,    0||
 799 ,    0|| 205 ,    0||   0 ,    0||  37 ,    0||   0 ,    0||   0 ,    0||
 783 ,    0|| 216 ,    0||  12 ,    0||  30 ,    0||   0 ,    0||   0 ,    0||
 772 ,    0|| 224 ,    0||  21 ,    0||  24 ,    0||   0 ,    0||   0 ,    0||
 764 ,    0|| 230 ,    0||  28 ,    0||  19 ,    0||   0 ,    0||   0 ,    0||
 808 ,    0|| 192 ,    0||  26 ,    0||  13 ,    0||   0 ,    0||   0 ,    0||
 838 ,    0|| 135 ,    0||  59 ,    0||   9 ,    0||   0 ,    0||   0 ,    0||
 856 ,    0||  94 ,    0||  83 ,    0||   7 ,    0||   0 ,    0||   0 ,    0||
 869 ,    0||  66 ,    0|| 101 ,    0||   5 ,    0||   0 ,    0||   0 ,    0||
 920 ,    0||  40 ,    0||  78 ,    0||   3 ,    0||   0 ,    0||   0 ,    0||
 950 ,    0||  24 ,    0||  65 ,    0||   2 ,    0||   0 ,    0||   0 ,    0||
 967 ,    0||  14 ,    0||  58 ,    0||   1 ,    0||   0 ,    0||   0 ,    0||
 977 ,    0||   9 ,    0||  54 ,    0||   1 ,    0||   0 ,    0||   0 ,    0||
1030 ,    0||   0 ,    0||   0 ,    0||   0 ,    0||   0 ,    0||  10 ,    0||
1030 ,    0||   0 ,    0||   0 ,    0||   0 ,    0||   0 ,    0||  10 ,    0||
1030 ,    0||   0 ,    0||   0 ,    0||   0 ,    0||   0 ,    0||  10 ,    0||
1030 ,    0||   0 ,    0||   0 ,    0||   0 ,    0||   0 ,    0||  10 ,    0||
1030 ,    0||   0 ,    0||   0 ,    0||   0 ,    0||   0 ,    0||  10 ,    0||
1030 ,    0||   0 ,    0||   0 ,    0||  10 ,    0||   0 ,    0||   0 ,    0||
1030 ,    0||   0 ,    0||   0 ,    0||  10 ,    0||   0 ,    0||   0 ,    0||
1030 ,    0||   0 ,    0||   0 ,    0||  10 ,    0||   0 ,    0||   0 ,    0||
 950 ,    0||   0 ,    0||   0 ,    0||  91 ,    0||   0 ,    0||   0 ,    0||
 892 ,    0||  76 ,    0||   0 ,    0||  73 ,    0||   0 ,    0||   0 ,    0||
 850 ,    0|| 132 ,    0||   0 ,    0||  58 ,    0||   0 ,    0||   0 ,    0||
 820 ,    0|| 174 ,    0||   0 ,    0||  46 ,    0||   0 ,    0||   0 ,    0||
 799 ,    0|| 205 ,    0||   0 ,    0||  37 ,    0||   0 ,    0||   0 ,    0||
 783 ,    0|| 216 ,    0||  12 ,    0||  30 ,    0||   0 ,    0||   0 ,    0||
 772 ,    0|| 224 ,    0||  21 ,    0||  24 ,    0||   0 ,    0||   0 ,    0||
 764 ,    0|| 230 ,    0||  28 ,    0||  19 ,    0||   0 ,    0||   0 ,    0||
 808 ,    0|| 192 ,    0||  26 ,    0||  13 ,    0||   0 ,    0||   0 ,    0||
 838 ,    0|| 135 ,    0||  59 ,    0||   9 ,    0||   0 ,    0||   0 ,    0||
 856 ,    0||  94 ,    0||  83 ,    0||   7 ,    0||   0 ,    0||   0 ,    0||
 869 ,    0||  66 ,    0|| 101 ,    0||   5 ,    0||   0 ,    0||   0 ,    0||
 920 ,    0||  40 ,    0||  78 ,    0||   3 ,    0||   0 ,    0||   0 ,    0||
 950 ,    0||  24 ,    0||  65 ,    0||   2 ,    0||   0 ,    0||   0 ,    0||
 967 ,    0||  14 ,    0||  58 ,    0||   1 ,    0||   0 ,    0||   0 ,    0||
 977 ,    0||   9 ,    0||  54 ,    0||   1 ,    0||   0 ,    0||   0 ,    0||
1030 ,    0||   0 ,    0||   0 ,    0||   0 ,    0||   0 ,    0||  10 ,    0||
1030 ,    0||   0 ,    0||   0 ,    0||   0 ,    0||   0 ,    0||  10 ,    0||
1030 ,    0||   0 ,    0||   0 ,    0||   0 ,    0||   0 ,    0||  10 ,    0||
1030 ,    0||   0 ,    0||   0 ,    0||   0 ,    0||   0 ,    0||  10 ,    0||
1030 ,    0||   0 ,    0||   0 ,    0||   0 ,    0||   0 ,    0||  10 ,    0||
1030 ,    0||   0 ,    0||   0 ,    0||  10 ,    0||   0 ,    0||   0 ,    0||
1030 ,    0||   0 ,    0||   0 ,    0||  10 ,    0||   0 ,    0||   0 ,    0||
1030 ,    0||   0 ,    0||   0 ,    0||  10 ,    0||   0 ,    0||   0 ,    0||
 950 ,    0||   0 ,    0||   0 ,    0||  91 ,    0||   0 ,    0||   0 ,    0||
 892 ,    0||  76 ,    0||   0 ,    0||  73 ,    0||   0 ,    0||   0 ,    0||
 850 ,    0|| 132 ,    0||   0 ,    0||  58 ,    0||   0 ,    0||   0 ,    0||
 820 ,    0|| 174 ,    0||   0 ,    0||  46 ,    0||   0 ,    0||   0 ,    0||
 799 ,    0|| 205 ,    0||   0 ,    0||  37 ,    0||   0 ,    0||   0 ,    0||
 783 ,    0|| 216 ,    0||  12 ,    0||  30 ,    0||   0 ,    0||   0 ,    0||
 772 ,    0|| 224 ,    0||  21 ,    0||  24 ,    0||   0 ,    0||   0 ,    0||
 764 ,    0|| 230 ,    0||  28 ,    0||  19 ,    0||   0 ,    0||   0 ,    0||
 808 ,    0|| 192 ,    0||  26 ,    0||  13 ,    0||   0 ,    0||   0 ,    0||
 838 ,    0|| 135 ,    0||  59 ,    0||   9 ,    0||   0 ,    0||   0 ,    0||
 856 ,    0||  94 ,    0||  83 ,    0||   7 ,    0||   0 ,    0||   0 ,    0||
 869 ,    0||  66 ,    0|| 101 ,    0||   5 ,    0||   0 ,    0||   0 ,    0||
 920 ,    0||  40 ,    0||  78 ,    0||   3 ,    0||   0 ,    0||   0 ,    0||
 950 ,    0||  24 ,    0||  65 ,    0||   2 ,    0||   0 ,    0||   0 ,    0||
 967 ,    0||  14 ,    0||  58 ,    0||   1 ,    0||   0 ,    0||   0 ,    0||
 977 ,    0||   9 ,    0||  54 ,    0||   1 ,    0||   0 ,    0||   0 ,    0||
1030 ,    0||   0 ,    0||   0 ,    0||   0 ,    0||   0 ,    0||  10 ,    0||
1030 ,    0||   0 ,    0||   0 ,    0||   0 ,    0||   0 ,    0||  10 ,    0||
1030 ,    0||   0 ,    0||   0 ,    0||   0 ,    0||   0 ,    0||  10 ,    0||
1030 ,    0||   0 ,    0||   0 ,    0||   0 ,    0||   0 ,    0||  10 ,    0||
1030 ,    0||   0 ,    0||   0 ,    0||   0 ,    0||   0 ,    0||  10 ,    0||
1030 ,    0||   0 ,    0||   0 ,    0||  10 ,    0||   0 ,    0||   0 ,    0||
1030 ,    0||   0 ,    0||   0 ,    0||  10 ,    0||   0 ,    0||   0 ,    0||
1030 ,    0||   0 ,    0||   0 ,    0||  10 ,    0||   0 ,    0||   0 ,    0||
 950 ,    0||   0 ,    0||   0 ,    0||  91 ,    0||   0 ,    0||   0 ,    0||
 892 ,    0||  76 ,    0||   0 ,    0||  73 ,    0||   0 ,    0||   0 ,    0||
 850 ,    0|| 132 ,    0||   0 ,    0||  58 ,    0||   0 ,    0||   0 ,    0||
 820 ,    0|| 174 ,    0||   0 ,    0||  46 ,    0||   0 ,    0||   0 ,    0||
 799 ,    0|| 205 ,    0||   0 ,    0||  37 ,    0||   0 ,    0||   0 ,    0||
 783 ,    0|| 216 ,    0||  12 ,    0||  30 ,    0||   0 ,    0||   0 ,    0||
 772 ,    0|| 224 ,    0||  21 ,    0||  24 ,    0||   0 ,    0||   0 ,    0||
 764 ,    0|| 230 ,    0||  28 ,    0||  19 ,    0||   0 ,    0||   0 ,    0||
 808 ,    0|| 192 ,    0||  26 ,    0||  13 ,    0||   0 ,    0||   0 ,    0||
 838 ,    0|| 135 ,    0||  59 ,    0||   9 ,    0||   0 ,    0||   0 ,    0||
 856 ,    0||  94 ,    0||  83 ,    0||   7 ,    0||   0 ,    0||   0 ,    0||
 869 ,    0||  66 ,    0|| 101 ,    0||   5 ,    0||   0 ,    0||   0 ,    0||
 920 ,    0||  40 ,    0||  78 ,    0||   3 ,    0||   0 ,    0||   0 ,    0||
 950 ,    0||  24 ,    0||  65 ,    0||   2 ,    0||   0 ,    0||   0 ,    0||
 967 ,    0||  14 ,    0||  58 ,    0||   1 ,    0||   0 ,    0||   0 ,    0||
 977 ,    0||   9 ,    0||  54 ,    0||   1 ,    0||   0 ,    0||   0 ,    0||
1030 ,    0||   0 ,    0||   0 ,    0||   0 ,    0||   0 ,    0||  10 ,    0||
1030 ,    0||   0 ,    0||   0 ,    0||   0 ,    0||   0 ,    0||  10 ,    0||
1030 ,    0||   0 ,    0||   0 ,    0||   0 ,    0||   0 ,    0||  10 ,    0||
1030 ,    0||   0 ,    0||   0 ,    0||   0 ,    0||   0 ,    0||  10 ,    0||
1030 ,    0||   0 ,    0||   0 ,    0||   0 ,    0||   0 ,    0||  10 ,    0||
1030 ,    0||   0 ,    0||   0 ,    0||  10 ,    0||   0 ,    0||   0 ,    0||
1030 ,    0||   0 ,    0||   0 ,    0||  10 ,    0||   0 ,    0||   0 ,    0||
1030 ,    0||   0 ,    0||   0 ,    0||  10 ,    0||   0 ,    0||   0 ,    0||
 950 ,    0||   0 ,    0||   0 ,    0||  91 ,    0||   0 ,    0||   0 ,    0||
 892 ,    0||  76 ,    0||   0 ,    0||  73 ,    0||   0 ,    0||   0 ,    0||
 850 ,    0|| 132 ,    0||   0 ,    0||  58 ,    0||   0 ,    0||   0 ,    0||
 820 ,    0|| 174 ,    0||   0 ,    0||  46 ,    0||   0 ,    0||   0 ,    0||
 799 ,    0|| 205 ,    0||   0 ,    0||  37 ,    0||   0 ,    0||   0 ,    0||
 783 ,    0|| 216 ,    0||  12 ,    0||  30 ,    0||   0 ,    0||   0 ,    0||
 772 ,    0|| 224 ,    0||  21 ,    0||  24 ,    0||   0 ,    0||   0 ,    0||
 764 ,    0|| 230 ,    0||  28 ,    0||  19 ,    0||   0 ,    0||   0 ,    0||
 808 ,    0|| 192 ,    0||  26 ,    0||  13 ,    0||   0 ,    0||   0 ,    0||
 838 ,    0|| 135 ,    0||  59 ,    0||   9 ,    0||   0 ,    0||   0 ,    0||
 856 ,    0||  94 ,    0||  83 ,    0||   7 ,    0||   0 ,    0||   0 ,    0||
 869 ,    0||  66 ,    0|| 101 ,    0||   5 ,    0||   0 ,    0||   0 ,    0||
 920 ,    0||  40 ,    0||  78 ,    0||   3 ,    0||   0 ,    0||   0 ,    0||
 950 ,    0||  24 ,    0||  65 ,    0||   2 ,    0||   0 ,    0||   0 ,    0||
 967 ,    0||  14 ,    0||  58 ,    0||   1 ,    0||   0 ,    0||   0 ,    0||
 977 ,    0||   9 ,    0||  54 ,    0||   1 ,    0||   0 ,    0||   0 ,    0||
1030 ,    0||   0 ,    0||   0 ,    0||   0 ,    0||   0 ,    0||  10 ,    0||
1030 ,    0||   0 ,    0||   0 ,    0||   0 ,    0||   0 ,    0||  10 ,    0||
1030 ,    0||   0 ,    0||   0 ,    0||   0 ,    0||   0 ,    0||  10 ,    0||
1030 ,    0||   0 ,    0||   0 ,    0||   0 ,    0||   0 ,    0||  10 ,    0||
1030 ,    0||   0 ,    0||   0 ,    0||   0 ,    0||   0 ,    0||  10 ,    0||
1030 ,    0||   0 ,    0||   0 ,    0||  10 ,    0||   0 ,    0||   0 ,    0||
1030 ,    0||   0 ,    0||   0 ,    0||  10 ,    0||   0 ,    0||   0 ,    0||
1030 ,    0||   0 ,    0||   0 ,    0||  10 ,    0||   0 ,    0||   0 ,    0||
 950 ,    0||   0 ,    0||   0 ,    0||  91 ,    0||   0 ,    0||   0 ,    0||
 892 ,    0||  76 ,    0||   0 ,    0||  73 ,    0||   0 ,    0||   0 ,    0||
 850 ,    0|| 132 ,    0||   0 ,    0||  58 ,    0||   0 ,    0||   0 ,    0||
 820 ,    0|| 174 ,    0||   0 ,    0||  46 ,    0||   0 ,    0||   0 ,    0||
 799 ,    0|| 205 ,    0||   0 ,    0||  37 ,    0||   0 ,    0||   0 ,    0||
 783 ,    0|| 216 ,    0||  12 ,    0||  30 ,    0||   0 ,    0||   0 ,    0||
 772 ,    0|| 224 ,    0||  21 ,    0||  24 ,    0||   0 ,    0||   0 ,    0||
 764 ,    0|| 230 ,    0||  28 ,    0||  19 ,    0||   0 ,    0||   0 ,    0||
 808 ,    0|| 192 ,    0||  26 ,    0||  13 ,    0||   0 ,    0||   0 ,    0||
 838 ,    0|| 135 ,    0||  59 ,    0||   9 ,    0||   0 ,    0||   0 ,    0||
 856 ,    0||  94 ,    0||  83 ,    0||   7 ,    0||   0 ,    0||   0 ,    0||
 869 ,    0||  66 ,    0|| 101 ,    0||   5 ,    0||   0 ,    0||   0 ,    0||
 920 ,    0||  40 ,    0||  78 ,    0||   3 ,    0||   0 ,    0||   0 ,    0||
 950 ,    0||  24 ,    0||  65 ,    0||   2 ,    0||   0 ,    0||   0 ,    0||
 967 ,    0||  14 ,    0||  58 ,    0||   1 ,    0||   0 ,    0||   0 ,    0||
 977 ,    0||   9 ,    0||  54 ,    0||   1 ,    0||   0 ,    0||   0 ,    0||
1030 ,    0||   0 ,    0||   0 ,    0||   0 ,    0||   0 ,    0||  10 ,    0||
1030 ,    0||   0 ,    0||   0 ,    0||   0 ,    0||   0 ,    0||  10 ,    0||
1030 ,    0||   0 ,    0||   0 ,    0||   0 ,    0||   0 ,    0||  10 ,    0||
1030 ,    0||   0 ,    0||   0 ,    0||   0 ,    0||   0 ,    0||  10 ,    0||
1030 ,    0||   0 ,    0||   0 ,    0||   0 ,    0||   0 ,    0||  10 ,    0||
1030 ,    0||   0 ,    0||   0 ,    0||  10 ,    0||   0 ,    0||   0 ,    0||
1030 ,    0||   0 ,    0||   0 ,    0||  10 ,    0||   0 ,    0||   0 ,    0||
1030 ,    0||   0 ,    0||   0 ,    0||  10 ,    0||   0 ,    0||   0 ,    0||
 950 ,    0||   0 ,    0||   0 ,    0||  91 ,    0||   0 ,    0||   0 ,    0||
 892 ,    0||  76 ,    0||   0 ,    0||  73 ,    0||   0 ,    0||   0 ,    0||
 850 ,    0|| 132 ,    0||   0 ,    0||  58 ,    0||   0 ,    0||   0 ,    0||
 820 ,    0|| 174 ,    0||   0 ,    0||  46 ,    0||   0 ,    0||   0 ,    0||
 799 ,    0|| 205 ,    0||   0 ,    0||  37 ,    0||   0 ,    0||   0 ,    0||
 783 ,    0|| 216 ,    0||  12 ,    0||  30 ,    0||   0 ,    0||   0 ,    0||
 772 ,    0|| 224 ,    0||  21 ,    0||  24 ,    0||   0 ,    0||   0 ,    0||
 764 ,    0|| 230 ,    0||  28 ,    0||  19 ,    0||   0 ,    0||   0 ,    0||
 808 ,    0|| 192 ,    0||  26 ,    0||  13 ,    0||   0 ,    0||   0 ,    0||
 838 ,    0|| 135 ,    0||  59 ,    0||   9 ,    0||   0 ,    0||   0 ,    0||
 856 ,    0||  94 ,    0||  83 ,    0||   7 ,    0||   0 ,    0||   0 ,    0||
 869 ,    0||  66 ,    0|| 101 ,    0||   5 ,    0||   0 ,    0||   0 ,    0||
 920 ,    0||  40 ,    0||  78 ,    0||   3 ,    0||   0 ,    0||   0 ,    0||
 950 ,    0||  24 ,    0||  65 ,    0||   2 ,    0||   0 ,    0||   0 ,    0||
 967 ,    0||  14 ,    0||  58 ,    0||   1 ,    0||   0 ,    0||   0 ,    0||
 977 ,    0||   9 ,    0||  54 ,    0||   1 ,    0||   0 ,    0||   0 ,    0||
1030 ,    0||   0 ,    0||   0 ,    0||   0 ,    0||   0 ,    0||  10 ,    0||
1030 ,    0||   0 ,    0||   0 ,    0||   0 ,    0||   0 ,    0||  10 ,    0||
1030 ,    0||   0 ,    0||   0 ,    0||   0 ,    0||   0 ,    0||  10 ,    0||
1030 ,    0||   0 ,    0||   0 ,    0||   0 ,    0||   0 ,    0||  10 ,    0||
1030 ,    0||   0 ,    0||   0 ,    0||   0 ,    0||   0 ,    0||  10 ,    0||
1030 ,    0||   0 ,    0||   0 ,    0||  10 ,    0||   0 ,    0||   0 ,    0||
1030 ,    0||   0 ,    0||   0 ,    0||  10 ,    0||   0 ,    0||   0 ,    0||
1030 ,    0||   0 ,    0||   0 ,    0||  10 ,    0||   0 ,    0||   0 ,    0||
 950 ,    0||   0 ,    0||   0 ,    0||  91 ,    0||   0 ,    0||   0 ,    0||
 892 ,    0||  76 ,    0||   0 ,    0||  73 ,    0||   0 ,    0||   0 ,    0||
 850 ,    0|| 132 ,    0||   0 ,    0||  58 ,    0||   0 ,    0||   0 ,    0||
 820 ,    0|| 174 ,    0||   0 ,    0||  46 ,    0||   0 ,    0||   0 ,    0||
 799 ,    0|| 205 ,    0||   0 ,    0||  37 ,    0||   0 ,    0||   0 ,    0||
 783 ,    0|| 216 ,    0||  12 ,    0||  30 ,    0||   0 ,    0||   0 ,    0||
 772 ,    0|| 224 ,    0||  21 ,    0||  24 ,    0||   0 ,    0||   0 ,    0||
 764 ,    0|| 230 ,    0||  28 ,    0||  19 ,    0||   0 ,    0||   0 ,    0||
 808 ,    0|| 192 ,    0||  26 ,    0||  13 ,    0||   0 ,    0||   0 ,    0||
 838 ,    0|| 135 ,    0||  59 ,    0||   9 ,    0||   0 ,    0||   0 ,    0||
 856 ,    0||  94 ,    0||  83 ,    0||   7 ,    0||   0 ,    0||   0 ,    0||
 869 ,    0||  66 ,    0|| 101 ,    0||   5 ,    0||   0 ,    0||   0 ,    0||
 920 ,    0||  40 ,    0||  78 ,    0||   3 ,    0||   0 ,    0||   0 ,    0||
 950 ,    0||  24 ,    0||  65 ,    0||   2 ,    0||   0 ,    0||   0 ,    0||
 967 ,    0||  14 ,    0||  58 ,    0||   1 ,    0||   0 ,    0||   0 ,    0||
 977 ,    0||   9 ,    0||  54 ,    0||   1 ,    0||   0 ,    0||   0 ,    0||
1030 ,    0||   0 ,    0||   0 ,    0||   0 ,    0||   0 ,    0||  10 ,    0||
1030 ,    0||   0 ,    0||   0 ,    0||   0 ,    0||   0 ,    0||  10 ,    0||
1030 ,    0||   0 ,    0||   0 ,    0||   0 ,    0||   0 ,    0||  10 ,    0||
1030 ,    0||   0 ,    0||   0 ,    0||   0 ,    0||   0 ,    0||  10 ,    0||
1030 ,    0||   0 ,    0||   0 ,    0||   0 ,    0||   0 ,    0||  10 ,    0||
1030 ,    0||   0 ,    0||   0 ,    0||  10 ,    0||   0 ,    0||   0 ,    0||
1030 ,    0||   0 ,    0||   0 ,    0||  10 ,    0||   0 ,    0||   0 ,    0||
1030 ,    0||   0 ,    0||   0 ,    0||  10 ,    0||   0 ,    0||   0 ,    0||
 950 ,    0||   0 ,    0||   0 ,    0||  91 ,    0||   0 ,    0||   0 ,    0||
 892 ,    0||  76 ,    0||   0 ,    0||  73 ,    0||   0 ,    0||   0 ,    0||
 850 ,    0|| 132 ,    0||   0 ,    0||  58 ,    0||   0 ,    0||   0 ,    0||
 820 ,    0|| 174 ,    0||   0 ,    0||  46 ,    0||   0 ,    0||   0 ,    0||
 799 ,    0|| 205 ,    0||   0 ,    0||  37 ,    0||   0 ,    0||   0 ,    0||
 783 ,    0|| 216 ,    0||  12 ,    0||  30 ,    0||   0 ,    0||   0 ,    0||
 772 ,    0|| 224 ,    0||  21 ,    0||  24 ,    0||   0 ,    0||   0 ,    0||
 764 ,    0|| 230 ,    0||  28 ,    0||  19 ,    0||   0 ,    0||   0 ,    0||
 808 ,    0|| 192 ,    0||  26 ,    0||  13 ,    0||   0 ,    0||   0 ,    0||
 838 ,    0|| 135 ,    0||  59 ,    0||   9 ,    0||   0 ,    0||   0 ,    0||
 856 ,    0||  94 ,    0||  83 ,    0||   7 ,    0||   0 ,    0||   0 ,    0||
 869 ,    0||  66 ,    0|| 101 ,    0||   5 ,    0||   0 ,    0||   0 ,    0||
 920 ,    0||  40 ,    0||  78 ,    0||   3 ,    0||   0 ,    0||   0 ,    0||
 950 ,    0||  24 ,    0||  65 ,    0||   2 ,    0||   0 ,    0||   0 ,    0||
 967 ,    0||  14 ,    0||  58 ,    0||   1 ,    0||   0 ,    0||   0 ,    0||
 977 ,    0||   9 ,    0||  54 ,    0||   1 ,    0||   0 ,    0||   0 ,    0||
1030 ,    0||   0 ,    0||   0 ,    0||   0 ,    0||   0 ,    0||  10 ,    0||
1030 ,    0||   0 ,    0||   0 ,    0||   0 ,    0||   0 ,    0||  10 ,    0||
1030 ,    0||   0 ,    0||   0 ,    0||   0 ,    0||   0 ,    0||  10 ,    0||
1030 ,    0||   0 ,    0||   0 ,    0||   0 ,    0||   0 ,    0||  10 ,    0||
1030 ,    0||   0 ,    0||   0 ,    0||   0 ,    0||   0 ,    0||  10 ,    0||
1030 ,    0||   0 ,    0||   0 ,    0||  10 ,    0||   0 ,    0||   0 ,    0||
1030 ,    0||   0 ,    0||   0 ,    0||  10 ,    0||   0 ,    0||   0 ,    0||
1030 ,    0||   0 ,    0||   0 ,    0||  10 ,    0||   0 ,    0||   0 ,    0||
 950 ,    0||   0 ,    0||   0 ,    0||  91 ,    0||   0 ,    0||   0 ,    0||
 892 ,    0||  76 ,    0||   0 ,    0||  73 ,    0||   0 ,    0||   0 ,    0||
 850 ,    0|| 132 ,    0||   0 ,    0||  58 ,    0||   0 ,    0||   0 ,    0||
 820 ,    0|| 174 ,    0||   0 ,    0||  46 ,    0||   0 ,    0||   0 ,    0||
