6000 ,    7||   0 ,    0||   0 ,    0||   0 ,    0||   0 ,    0||   0 ,    0||
5940 ,    7||  60 ,    0||   0 ,    0||   0 ,    0||   0 ,    0||   0 ,    0||
5940 ,    7||  59 ,    0||   0 ,    0||   0 ,    0||   0 ,    0||   0 ,    0||
5940 ,    7||  59 ,    0||   0 ,    0||   0 ,    0||   0 ,    0||   0 ,    0||
5940 ,    7||  59 ,    0||   0 ,    0||   0 ,    0||   0 ,    0||   0 ,    0||
5939 ,    6||  59 ,    0||   0 ,    0||   0 ,    0||   0 ,    0||   0 ,    0||
5939 ,    6||  49 ,    0||  10 ,    0||   0 ,    0||   0 ,    0||   0 ,    0||
5939 ,    6||  49 ,    0||  10 ,    0||   0 ,    0||   0 ,    0||   0 ,    0||
5939 ,    6||  49 ,    0||  10 ,    0||   0 ,    0||   0 ,    0||   0 ,    0||
5475 ,    6|| 435 ,    0||  87 ,    0||   0 ,    0||   0 ,    0||   0 ,    0||
5142 ,    5|| 713 ,    1|| 143 ,    0||   0 ,    0||   0 ,    0||   0 ,    0||
4901 ,    5|| 913 ,    1|| 183 ,    0||   0 ,    0||   0 ,    0||   0 ,    0||
4728 ,    5||1057 ,    1|| 211 ,    0||   0 ,    0||   0 ,    0||   0 ,    0||
4604 ,    5||1160 ,    2|| 232 ,    1||   0 ,    0||   0 ,    0||   0 ,    0||
4514 ,    5||1235 ,    2|| 247 ,    1||   0 ,    0||   0 ,    0||   0 ,    0||
4449 ,    5||1288 ,    3|| 257 ,    1||   0 ,    0||   0 ,    0||   0 ,    0||
4402 ,    5||1326 ,    4|| 265 ,    1||   0 ,    0||   0 ,    0||   0 ,    0||
4659 ,    6||1110 ,    4|| 222 ,    1||   0 ,    0||   0 ,    0||   0 ,    0||
4825 ,    7|| 971 ,    4|| 194 ,    1||   0 ,    0||   0 ,    0||   0 ,    0||
4933 ,    8|| 880 ,    4|| 176 ,    1||   0 ,    0||   0 ,    0||   0 ,    0||
5003 ,    9|| 820 ,    3|| 164 ,    1||   0 ,    0||   0 ,    0||   0 ,    0||
5296 ,   10|| 575 ,    3|| 115 ,    1||   0 ,    0||   0 ,    0||   0 ,    0||
5466 ,   11|| 345 ,    2|| 175 ,    1||   0 ,    0||   0 ,    0||   0 ,    0||
5564 ,   12|| 207 ,    1|| 214 ,    1||   0 ,    0||   0 ,    0||   0 ,    0||
5621 ,   12|| 124 ,    1|| 240 ,    1||   0 ,    0||   0 ,    0||   0 ,    0||
5928 ,   14||  56 ,    0||   0 ,    0||   0 ,    0||   0 ,    0||   0 ,    0||
5924 ,   13||  59 ,    0||   0 ,    0||   0 ,    0||   0 ,    0||   0 ,    0||
5924 ,   13||  59 ,    0||   0 ,    0||   0 ,    0||   0 ,    0||   0 ,    0||
5923 ,   13||  59 ,    0||   0 ,    0||   0 ,    0||   0 ,    0||   0 ,    0||
5923 ,   13||  59 ,    0||   0 ,    0||   0 ,    0||   0 ,    0||   0 ,    0||
5923 ,   13||  49 ,    0||  10 ,    0||   0 ,    0||   0 ,    0||   0 ,    0||
5922 ,   13||  49 ,    0||  10 ,    0||   0 ,    0||   0 ,    0||   0 ,    0||
5922 ,   13||  49 ,    0||  10 ,    0||   0 ,    0||   0 ,    0||   0 ,    0||
5459 ,   12|| 434 ,    1||  87 ,    0||   0 ,    0||   0 ,    0||   0 ,    0||
5126 ,   11|| 711 ,    2|| 142 ,    0||   0 ,    0||   0 ,    0||   0 ,    0||
4887 ,   11|| 910 ,    2|| 182 ,    1||   0 ,    0||   0 ,    0||   0 ,    0||
4714 ,   10||1053 ,    3|| 211 ,    1||   0 ,    0||   0 ,    0||   0 ,    0||
4589 ,   10||1156 ,    4|| 231 ,    1||   0 ,    0||   0 ,    0||   0 ,    0||
4499 ,   10||1229 ,    5|| 246 ,    1||   0 ,    0||   0 ,    0||   0 ,    0||
4434 ,   10||1282 ,    6|| 256 ,    1||   0 ,    0||   0 ,    0||   0 ,    0||
4387 ,   11||1319 ,    8|| 264 ,    1||   0 ,    0||   0 ,    0||   0 ,    0||
4642 ,   13||1104 ,    8|| 221 ,    1||   0 ,    0||   0 ,    0||   0 ,    0||
4807 ,   15|| 964 ,    8|| 193 ,    1||   0 ,    0||   0 ,    0||   0 ,    0||
4913 ,   17|| 873 ,    8|| 175 ,    1||   0 ,    0||   0 ,    0||   0 ,    0||
4981 ,   18|| 814 ,    8|| 163 ,    1||   0 ,    0||   0 ,    0||   0 ,    0||
5272 ,   21|| 570 ,    6|| 114 ,    1||   0 ,    0||   0 ,    0||   0 ,    0||
5440 ,   23|| 342 ,    4|| 174 ,    1||   0 ,    0||   0 ,    0||   0 ,    0||
5537 ,   24|| 205 ,    3|| 213 ,    1||   0 ,    0||   0 ,    0||   0 ,    0||
5592 ,   25|| 123 ,    2|| 238 ,    2||   0 ,    0||   0 ,    0||   0 ,    0||
5896 ,   28||  56 ,    0||   0 ,    0||   0 ,    0||   0 ,    0||   0 ,    0||
5892 ,   28||  59 ,    0||   0 ,    0||   0 ,    0||   0 ,    0||   0 ,    0||
5891 ,   28||  59 ,    0||   0 ,    0||   0 ,    0||   0 ,    0||   0 ,    0||
5890 ,   27||  59 ,    0||   0 ,    0||   0 ,    0||   0 ,    0||   0 ,    0||
5889 ,   27||  59 ,    0||   0 ,    0||   0 ,    0||   0 ,    0||   0 ,    0||
5888 ,   27||  49 ,    0||  10 ,    0||   0 ,    0||   0 ,    0||   0 ,    0||
5887 ,   27||  49 ,    0||  10 ,    0||   0 ,    0||   0 ,    0||   0 ,    0||
5886 ,   27||  49 ,    0||  10 ,    0||   0 ,    0||   0 ,    0||   0 ,    0||
5426 ,   25|| 432 ,    2||  86 ,    0||   0 ,    0||   0 ,    0||   0 ,    0||
5095 ,   23|| 707 ,    4|| 141 ,    1||   0 ,    0||   0 ,    0||   0 ,    0||
4856 ,   22|| 904 ,    5|| 181 ,    1||   0 ,    0||   0 ,    0||   0 ,    0||
4684 ,   21||1045 ,    7|| 209 ,    1||   0 ,    0||   0 ,    0||   0 ,    0||
4560 ,   21||1147 ,    9|| 230 ,    1||   0 ,    0||   0 ,    0||   0 ,    0||
4470 ,   21||1218 ,   11|| 244 ,    2||   0 ,    0||   0 ,    0||   0 ,    0||
4404 ,   21||1269 ,   13|| 255 ,    2||   0 ,    0||   0 ,    0||   0 ,    0||
4356 ,   22||1304 ,   16|| 262 ,    2||   0 ,    0||   0 ,    0||   0 ,    0||
4607 ,   26||1090 ,   16|| 219 ,    2||   0 ,    0||   0 ,    0||   0 ,    0||
4769 ,   30|| 950 ,   16|| 191 ,    2||   0 ,    0||   0 ,    0||   0 ,    0||
4872 ,   34|| 860 ,   16|| 173 ,    2||   0 ,    0||   0 ,    0||   0 ,    0||
4937 ,   37|| 801 ,   16|| 162 ,    2||   0 ,    0||   0 ,    0||   0 ,    0||
5223 ,   43|| 561 ,   12|| 113 ,    2||   0 ,    0||   0 ,    0||   0 ,    0||
5386 ,   47|| 335 ,    8|| 172 ,    2||   0 ,    0||   0 ,    0||   0 ,    0||
5480 ,   50|| 201 ,    5|| 210 ,    3||   0 ,    0||   0 ,    0||   0 ,    0||
5533 ,   51|| 120 ,    3|| 235 ,    3||   0 ,    0||   0 ,    0||   0 ,    0||
5832 ,   57||  55 ,    1||   0 ,    0||   0 ,    0||   0 ,    0||   0 ,    0||
5827 ,   56||  58 ,    1||   0 ,    0||   0 ,    0||   0 ,    0||   0 ,    0||
5825 ,   56||  58 ,    1||   0 ,    0||   0 ,    0||   0 ,    0||   0 ,    0||
5823 ,   56||  58 ,    1||   0 ,    0||   0 ,    0||   0 ,    0||   0 ,    0||
5821 ,   55||  58 ,    1||   0 ,    0||   0 ,    0||   0 ,    0||   0 ,    0||
5819 ,   55||  48 ,    0||  10 ,    0||   0 ,    0||   0 ,    0||   0 ,    0||
5817 ,   55||  48 ,    0||  10 ,    0||   0 ,    0||   0 ,    0||   0 ,    0||
5815 ,   54||  48 ,    0||  10 ,    0||   0 ,    0||   0 ,    0||   0 ,    0||
5360 ,   50|| 426 ,    4||  86 ,    1||   0 ,    0||   0 ,    0||   0 ,    0||
5032 ,   46|| 697 ,    7|| 140 ,    1||   0 ,    0||   0 ,    0||   0 ,    0||
4796 ,   44|| 891 ,   10|| 179 ,    2||   0 ,    0||   0 ,    0||   0 ,    0||
4625 ,   42||1030 ,   14|| 207 ,    2||   0 ,    0||   0 ,    0||   0 ,    0||
4501 ,   42||1128 ,   18|| 227 ,    3||   0 ,    0||   0 ,    0||   0 ,    0||
4411 ,   42||1196 ,   22|| 241 ,    3||   0 ,    0||   0 ,    0||   0 ,    0||
4344 ,   43||1243 ,   27|| 251 ,    4||   0 ,    0||   0 ,    0||   0 ,    0||
4294 ,   45||1275 ,   33|| 258 ,    4||   0 ,    0||   0 ,    0||   0 ,    0||
4538 ,   53||1062 ,   33|| 215 ,    4||   0 ,    0||   0 ,    0||   0 ,    0||
4693 ,   60|| 924 ,   33|| 188 ,    4||   0 ,    0||   0 ,    0||   0 ,    0||
4790 ,   67|| 835 ,   32|| 170 ,    4||   0 ,    0||   0 ,    0||   0 ,    0||
4850 ,   74|| 777 ,   31|| 158 ,    4||   0 ,    0||   0 ,    0||   0 ,    0||
5125 ,   85|| 542 ,   24|| 111 ,    3||   0 ,    0||   0 ,    0||   0 ,    0||
5281 ,   93|| 323 ,   16|| 168 ,    4||   0 ,    0||   0 ,    0||   0 ,    0||
5369 ,   98|| 193 ,   10|| 206 ,    5||   0 ,    0||   0 ,    0||   0 ,    0||
5418 ,  101|| 115 ,    6|| 230 ,    6||   0 ,    0||   0 ,    0||   0 ,    0||
5705 ,  112||  54 ,    1||   0 ,    0||   0 ,    0||   0 ,    0||   0 ,    0||
5698 ,  111||  57 ,    1||   0 ,    0||   0 ,    0||   0 ,    0||   0 ,    0||
5695 ,  110||  57 ,    1||   0 ,    0||   0 ,    0||   0 ,    0||   0 ,    0||
5691 ,  109||  57 ,    1||   0 ,    0||   0 ,    0||   0 ,    0||   0 ,    0||
5687 ,  109||  57 ,    1||   0 ,    0||   0 ,    0||   0 ,    0||   0 ,    0||
5684 ,  108||  47 ,    1||  10 ,    0||   0 ,    0||   0 ,    0||   0 ,    0||
5680 ,  107||  47 ,    1||  10 ,    0||   0 ,    0||   0 ,    0||   0 ,    0||
5676 ,  107||  47 ,    1||  10 ,    0||   0 ,    0||   0 ,    0||   0 ,    0||
5230 ,   98|| 415 ,    8||  84 ,    1||   0 ,    0||   0 ,    0||   0 ,    0||
4909 ,   91|| 679 ,   14|| 137 ,    2||   0 ,    0||   0 ,    0||   0 ,    0||
4677 ,   86|| 866 ,   20|| 175 ,    3||   0 ,    0||   0 ,    0||   0 ,    0||
4509 ,   83|| 999 ,   27|| 202 ,    4||   0 ,    0||   0 ,    0||   0 ,    0||
4386 ,   81||1091 ,   34|| 222 ,    5||   0 ,    0||   0 ,    0||   0 ,    0||
4296 ,   81||1154 ,   42|| 235 ,    6||   0 ,    0||   0 ,    0||   0 ,    0||
4228 ,   83||1195 ,   52|| 244 ,    7||   0 ,    0||   0 ,    0||   0 ,    0||
4175 ,   87||1220 ,   63|| 250 ,    8||   0 ,    0||   0 ,    0||   0 ,    0||
4405 ,  102||1011 ,   62|| 209 ,    8||   0 ,    0||   0 ,    0||   0 ,    0||
4548 ,  116|| 876 ,   61|| 181 ,    8||   0 ,    0||   0 ,    0||   0 ,    0||
4635 ,  129|| 789 ,   60|| 164 ,    7||   0 ,    0||   0 ,    0||   0 ,    0||
4685 ,  140|| 732 ,   58|| 153 ,    7||   0 ,    0||   0 ,    0||   0 ,    0||
4941 ,  161|| 509 ,   44|| 107 ,    5||   0 ,    0||   0 ,    0||   0 ,    0||
5084 ,  175|| 302 ,   29|| 162 ,    7||   0 ,    0||   0 ,    0||   0 ,    0||
5162 ,  184|| 179 ,   18|| 197 ,    9||   0 ,    0||   0 ,    0||   0 ,    0||
5204 ,  189|| 107 ,   11|| 219 ,   11||   0 ,    0||   0 ,    0||   0 ,    0||
5472 ,  207||  52 ,    2||   0 ,    0||   0 ,    0||   0 ,    0||   0 ,    0||
5463 ,  205||  55 ,    2||   0 ,    0||   0 ,    0||   0 ,    0||   0 ,    0||
5456 ,  204||  55 ,    2||   0 ,    0||   0 ,    0||   0 ,    0||   0 ,    0||
5450 ,  202||  55 ,    2||   0 ,    0||   0 ,    0||   0 ,    0||   0 ,    0||
5443 ,  200||  54 ,    2||   0 ,    0||   0 ,    0||   0 ,    0||   0 ,    0||
5437 ,  199||  45 ,    2||   9 ,    0||   0 ,    0||   0 ,    0||   0 ,    0||
5430 ,  197||  45 ,    2||   9 ,    0||   0 ,    0||   0 ,    0||   0 ,    0||
5424 ,  196||  45 ,    2||   9 ,    0||   0 ,    0||   0 ,    0||   0 ,    0||
4995 ,  179|| 396 ,   15||  81 ,    2||   0 ,    0||   0 ,    0||   0 ,    0||
4686 ,  166|| 646 ,   26|| 132 ,    4||   0 ,    0||   0 ,    0||   0 ,    0||
4462 ,  157|| 822 ,   37|| 169 ,    6||   0 ,    0||   0 ,    0||   0 ,    0||
4299 ,  151|| 944 ,   48|| 194 ,    7||   0 ,    0||   0 ,    0||   0 ,    0||
4179 ,  148||1027 ,   61|| 212 ,    9||   0 ,    0||   0 ,    0||   0 ,    0||
4089 ,  148||1081 ,   75|| 224 ,   11||   0 ,    0||   0 ,    0||   0 ,    0||
4019 ,  150||1113 ,   90|| 232 ,   12||   0 ,    0||   0 ,    0||   0 ,    0||
3963 ,  156||1129 ,  108|| 237 ,   14||   0 ,    0||   0 ,    0||   0 ,    0||
4171 ,  181|| 928 ,  105|| 197 ,   14||   0 ,    0||   0 ,    0||   0 ,    0||
4296 ,  204|| 799 ,  102|| 171 ,   13||   0 ,    0||   0 ,    0||   0 ,    0||
4366 ,  225|| 716 ,   98|| 154 ,   12||   0 ,    0||   0 ,    0||   0 ,    0||
4403 ,  243|| 663 ,   94|| 143 ,   12||   0 ,    0||   0 ,    0||   0 ,    0||
4631 ,  276|| 459 ,   70|| 100 ,    9||   0 ,    0||   0 ,    0||   0 ,    0||
4754 ,  298|| 270 ,   46|| 151 ,   12||   0 ,    0||   0 ,    0||   0 ,    0||
4819 ,  311|| 160 ,   29|| 183 ,   15||   0 ,    0||   0 ,    0||   0 ,    0||
4851 ,  318||  95 ,   17|| 203 ,   18||   0 ,    0||   0 ,    0||   0 ,    0||
5090 ,  346||  48 ,    3||   0 ,    0||   0 ,    0||   0 ,    0||   0 ,    0||
5077 ,  343||  51 ,    3||   0 ,    0||   0 ,    0||   0 ,    0||   0 ,    0||
5067 ,  339||  51 ,    3||   0 ,    0||   0 ,    0||   0 ,    0||   0 ,    0||
5057 ,  336||  51 ,    3||   0 ,    0||   0 ,    0||   0 ,    0||   0 ,    0||
5047 ,  332||  51 ,    3||   0 ,    0||   0 ,    0||   0 ,    0||   0 ,    0||
5037 ,  329||  42 ,    3||   9 ,    0||   0 ,    0||   0 ,    0||   0 ,    0||
5027 ,  326||  42 ,    3||   9 ,    0||   0 ,    0||   0 ,    0||   0 ,    0||
5017 ,  322||  42 ,    3||   9 ,    0||   0 ,    0||   0 ,    0||   0 ,    0||
4617 ,  294|| 364 ,   25||  76 ,    4||   0 ,    0||   0 ,    0||   0 ,    0||
4328 ,  273|| 593 ,   42|| 124 ,    7||   0 ,    0||   0 ,    0||   0 ,    0||
4119 ,  257|| 752 ,   59|| 158 ,    9||   0 ,    0||   0 ,    0||   0 ,    0||
3965 ,  246|| 860 ,   77|| 181 ,   12||   0 ,    0||   0 ,    0||   0 ,    0||
3851 ,  240|| 930 ,   95|| 197 ,   14||   0 ,    0||   0 ,    0||   0 ,    0||
3763 ,  239|| 973 ,  115|| 208 ,   17||   0 ,    0||   0 ,    0||   0 ,    0||
3692 ,  241|| 995 ,  137|| 214 ,   20||   0 ,    0||   0 ,    0||   0 ,    0||
3634 ,  248||1001 ,  160|| 218 ,   22||   0 ,    0||   0 ,    0||   0 ,    0||
3812 ,  285|| 816 ,  153|| 180 ,   21||   0 ,    0||   0 ,    0||   0 ,    0||
3913 ,  316|| 697 ,  145|| 155 ,   20||   0 ,    0||   0 ,    0||   0 ,    0||
3966 ,  344|| 623 ,  137|| 140 ,   19||   0 ,    0||   0 ,    0||   0 ,    0||
3988 ,  366|| 576 ,  130|| 130 ,   18||   0 ,    0||   0 ,    0||   0 ,    0||
4182 ,  411|| 397 ,   95||  90 ,   13||   0 ,    0||   0 ,    0||   0 ,    0||
4282 ,  438|| 232 ,   62|| 135 ,   18||   0 ,    0||   0 ,    0||   0 ,    0||
4332 ,  454|| 136 ,   38|| 163 ,   22||   0 ,    0||   0 ,    0||   0 ,    0||
4354 ,  462||  81 ,   23|| 180 ,   26||   0 ,    0||   0 ,    0||   0 ,    0||
4559 ,  499||  43 ,    5||   0 ,    0||   0 ,    0||   0 ,    0||   0 ,    0||
4543 ,  492||  45 ,    5||   0 ,    0||   0 ,    0||   0 ,    0||   0 ,    0||
4530 ,  485||  45 ,    5||   0 ,    0||   0 ,    0||   0 ,    0||   0 ,    0||
4517 ,  479||  45 ,    5||   0 ,    0||   0 ,    0||   0 ,    0||   0 ,    0||
4504 ,  472||  45 ,    5||   0 ,    0||   0 ,    0||   0 ,    0||   0 ,    0||
4491 ,  466||  37 ,    4||   8 ,    1||   0 ,    0||   0 ,    0||   0 ,    0||
4479 ,  460||  37 ,    4||   8 ,    1||   0 ,    0||   0 ,    0||   0 ,    0||
4467 ,  454||  37 ,    4||   8 ,    1||   0 ,    0||   0 ,    0||   0 ,    0||
4108 ,  412|| 322 ,   34||  69 ,    6||   0 ,    0||   0 ,    0||   0 ,    0||
3848 ,  381|| 523 ,   58|| 113 ,   10||   0 ,    0||   0 ,    0||   0 ,    0||
3659 ,  358|| 661 ,   81|| 143 ,   13||   0 ,    0||   0 ,    0||   0 ,    0||
3519 ,  342|| 753 ,  103|| 164 ,   16||   0 ,    0||   0 ,    0||   0 ,    0||
3414 ,  332|| 810 ,  125|| 178 ,   20||   0 ,    0||   0 ,    0||   0 ,    0||
3332 ,  328|| 843 ,  148|| 186 ,   23||   0 ,    0||   0 ,    0||   0 ,    0||
3265 ,  329|| 857 ,  172|| 191 ,   26||   0 ,    0||   0 ,    0||   0 ,    0||
3207 ,  335|| 858 ,  196|| 193 ,   30||   0 ,    0||   0 ,    0||   0 ,    0||
3355 ,  377|| 695 ,  183|| 159 ,   28||   0 ,    0||   0 ,    0||   0 ,    0||
3436 ,  412|| 592 ,  171|| 137 ,   25||   0 ,    0||   0 ,    0||   0 ,    0||
3474 ,  441|| 528 ,  159|| 123 ,   24||   0 ,    0||   0 ,    0||   0 ,    0||
3486 ,  464|| 489 ,  148|| 114 ,   22||   0 ,    0||   0 ,    0||   0 ,    0||
3648 ,  512|| 337 ,  107||  79 ,   16||   0 ,    0||   0 ,    0||   0 ,    0||
3730 ,  540|| 196 ,   68|| 118 ,   22||   0 ,    0||   0 ,    0||   0 ,    0||
3768 ,  555|| 115 ,   42|| 142 ,   26||   0 ,    0||   0 ,    0||   0 ,    0||
3783 ,  561||  68 ,   25|| 156 ,   31||   0 ,    0||   0 ,    0||   0 ,    0||
3955 ,  600||  38 ,    6||   0 ,    0||   0 ,    0||   0 ,    0||   0 ,    0||
3939 ,  589||  39 ,    6||   0 ,    0||   0 ,    0||   0 ,    0||   0 ,    0||
3926 ,  579||  39 ,    6||   0 ,    0||   0 ,    0||   0 ,    0||   0 ,    0||
3912 ,  570||  39 ,    6||   0 ,    0||   0 ,    0||   0 ,    0||   0 ,    0||
3899 ,  560||  39 ,    6||   0 ,    0||   0 ,    0||   0 ,    0||   0 ,    0||
3886 ,  551||  32 ,    5||   7 ,    1||   0 ,    0||   0 ,    0||   0 ,    0||
3873 ,  541||  32 ,    5||   7 ,    1||   0 ,    0||   0 ,    0||   0 ,    0||
3861 ,  532||  32 ,    4||   7 ,    1||   0 ,    0||   0 ,    0||   0 ,    0||
3549 ,  482|| 277 ,   40||  61 ,    7||   0 ,    0||   0 ,    0||   0 ,    0||
3323 ,  444|| 449 ,   67|| 100 ,   12||   0 ,    0||   0 ,    0||   0 ,    0||
3158 ,  416|| 566 ,   91|| 127 ,   16||   0 ,    0||   0 ,    0||   0 ,    0||
3037 ,  395|| 643 ,  114|| 145 ,   19||   0 ,    0||   0 ,    0||   0 ,    0||
2944 ,  382|| 690 ,  136|| 156 ,   23||   0 ,    0||   0 ,    0||   0 ,    0||
2871 ,  374|| 717 ,  157|| 164 ,   26||   0 ,    0||   0 ,    0||   0 ,    0||
2811 ,  372|| 728 ,  179|| 168 ,   30||   0 ,    0||   0 ,    0||   0 ,    0||
2759 ,  375|| 728 ,  200|| 169 ,   33||   0 ,    0||   0 ,    0||   0 ,    0||
2884 ,  415|| 590 ,  182|| 139 ,   30||   0 ,    0||   0 ,    0||   0 ,    0||
2951 ,  447|| 503 ,  167|| 119 ,   27||   0 ,    0||   0 ,    0||   0 ,    0||
2982 ,  472|| 450 ,  153|| 107 ,   25||   0 ,    0||   0 ,    0||   0 ,    0||
2992 ,  490|| 417 ,  142||  99 ,   23||   0 ,    0||   0 ,    0||   0 ,    0||
3129 ,  534|| 288 ,  101||  69 ,   17||   0 ,    0||   0 ,    0||   0 ,    0||
3199 ,  557|| 167 ,   63|| 101 ,   22||   0 ,    0||   0 ,    0||   0 ,    0||
3232 ,  568||  98 ,   39|| 122 ,   27||   0 ,    0||   0 ,    0||   0 ,    0||
3244 ,  570||  58 ,   23|| 134 ,   30||   0 ,    0||   0 ,    0||   0 ,    0||
3392 ,  605||  32 ,    6||   0 ,    0||   0 ,    0||   0 ,    0||   0 ,    0||
3378 ,  592||  34 ,    6||   0 ,    0||   0 ,    0||   0 ,    0||   0 ,    0||
3367 ,  580||  34 ,    6||   0 ,    0||   0 ,    0||   0 ,    0||   0 ,    0||
3355 ,  569||  34 ,    6||   0 ,    0||   0 ,    0||   0 ,    0||   0 ,    0||
3344 ,  557||  33 ,    6||   0 ,    0||   0 ,    0||   0 ,    0||   0 ,    0||
3333 ,  546||  27 ,    5||   6 ,    1||   0 ,    0||   0 ,    0||   0 ,    0||
3322 ,  535||  27 ,    4||   6 ,    1||   0 ,    0||   0 ,    0||   0 ,    0||
3311 ,  524||  27 ,    4||   6 ,    1||   0 ,    0||   0 ,    0||   0 ,    0||
3044 ,  473|| 236 ,   38||  54 ,    7||   0 ,    0||   0 ,    0||   0 ,    0||
2850 ,  435|| 383 ,   64||  88 ,   12||   0 ,    0||   0 ,    0||   0 ,    0||
2709 ,  406|| 483 ,   86|| 111 ,   16||   0 ,    0||   0 ,    0||   0 ,    0||
2605 ,  384|| 549 ,  106|| 127 ,   19||   0 ,    0||   0 ,    0||   0 ,    0||
2526 ,  369|| 591 ,  125|| 137 ,   22||   0 ,    0||   0 ,    0||   0 ,    0||
2464 ,  360|| 615 ,  142|| 144 ,   25||   0 ,    0||   0 ,    0||   0 ,    0||
2413 ,  355|| 626 ,  158|| 147 ,   28||   0 ,    0||   0 ,    0||   0 ,    0||
2370 ,  355|| 629 ,  174|| 149 ,   31||   0 ,    0||   0 ,    0||   0 ,    0||
2479 ,  388|| 512 ,  156|| 122 ,   28||   0 ,    0||   0 ,    0||   0 ,    0||
2540 ,  413|| 438 ,  141|| 105 ,   25||   0 ,    0||   0 ,    0||   0 ,    0||
2569 ,  431|| 393 ,  128||  95 ,   23||   0 ,    0||   0 ,    0||   0 ,    0||
2581 ,  443|| 365 ,  118||  88 ,   21||   0 ,    0||   0 ,    0||   0 ,    0||
2703 ,  477|| 253 ,   84||  61 ,   15||   0 ,    0||   0 ,    0||   0 ,    0||
2767 ,  494|| 148 ,   52||  89 ,   20||   0 ,    0||   0 ,    0||   0 ,    0||
2798 ,  501||  87 ,   31|| 106 ,   23||   0 ,    0||   0 ,    0||   0 ,    0||
2811 ,  501||  52 ,   19|| 117 ,   26||   0 ,    0||   0 ,    0||   0 ,    0||
2942 ,  528||  28 ,    5||   0 ,    0||   0 ,    0||   0 ,    0||   0 ,    0||
2932 ,  515||  29 ,    5||   0 ,    0||   0 ,    0||   0 ,    0||   0 ,    0||
2923 ,  504||  29 ,    5||   0 ,    0||   0 ,    0||   0 ,    0||   0 ,    0||
2914 ,  492||  29 ,    5||   0 ,    0||   0 ,    0||   0 ,    0||   0 ,    0||
2906 ,  481||  29 ,    5||   0 ,    0||   0 ,    0||   0 ,    0||   0 ,    0||
2897 ,  470||  24 ,    4||   5 ,    1||   0 ,    0||   0 ,    0||   0 ,    0||
2889 ,  459||  23 ,    4||   5 ,    1||   0 ,    0||   0 ,    0||   0 ,    0||
2881 ,  449||  23 ,    4||   5 ,    1||   0 ,    0||   0 ,    0||   0 ,    0||
2650 ,  404|| 205 ,   33||  48 ,    6||   0 ,    0||   0 ,    0||   0 ,    0||
2482 ,  371|| 333 ,   54||  78 ,   10||   0 ,    0||   0 ,    0||   0 ,    0||
2360 ,  345|| 421 ,   72||  99 ,   14||   0 ,    0||   0 ,    0||   0 ,    0||
2271 ,  326|| 480 ,   87|| 113 ,   17||   0 ,    0||   0 ,    0||   0 ,    0||
2203 ,  312|| 518 ,  101|| 122 ,   19||   0 ,    0||   0 ,    0||   0 ,    0||
2151 ,  303|| 541 ,  114|| 128 ,   22||   0 ,    0||   0 ,    0||   0 ,    0||
2109 ,  297|| 554 ,  125|| 132 ,   24||   0 ,    0||   0 ,    0||   0 ,    0||
2074 ,  295|| 560 ,  136|| 134 ,   26||   0 ,    0||   0 ,    0||   0 ,    0||
2174 ,  319|| 458 ,  120|| 110 ,   23||   0 ,    0||   0 ,    0||   0 ,    0||
2232 ,  336|| 395 ,  108||  95 ,   20||   0 ,    0||   0 ,    0||   0 ,    0||
2263 ,  348|| 355 ,   98||  86 ,   18||   0 ,    0||   0 ,    0||   0 ,    0||
2277 ,  356|| 330 ,   89||  80 ,   17||   0 ,    0||   0 ,    0||   0 ,    0||
2391 ,  381|| 229 ,   63||  56 ,   12||   0 ,    0||   0 ,    0||   0 ,    0||
2451 ,  392|| 135 ,   39||  80 ,   16||   0 ,    0||   0 ,    0||   0 ,    0||
2482 ,  396||  80 ,   23||  95 ,   18||   0 ,    0||   0 ,    0||   0 ,    0||
2497 ,  394||  48 ,   14|| 105 ,   20||   0 ,    0||   0 ,    0||   0 ,    0||
2618 ,  414||  25 ,    4||   0 ,    0||   0 ,    0||   0 ,    0||   0 ,    0||
2610 ,  403||  26 ,    4||   0 ,    0||   0 ,    0||   0 ,    0||   0 ,    0||
2604 ,  393||  26 ,    4||   0 ,    0||   0 ,    0||   0 ,    0||   0 ,    0||
2598 ,  384||  26 ,    4||   0 ,    0||   0 ,    0||   0 ,    0||   0 ,    0||
2592 ,  374||  26 ,    4||   0 ,    0||   0 ,    0||   0 ,    0||   0 ,    0||
2586 ,  365||  21 ,    3||   5 ,    1||   0 ,    0||   0 ,    0||   0 ,    0||
2581 ,  356||  21 ,    3||   5 ,    1||   0 ,    0||   0 ,    0||   0 ,    0||
2575 ,  347||  21 ,    3||   5 ,    1||   0 ,    0||   0 ,    0||   0 ,    0||
2369 ,  312|| 183 ,   25||  43 ,    5||   0 ,    0||   0 ,    0||   0 ,    0||
2221 ,  286|| 297 ,   41||  71 ,    8||   0 ,    0||   0 ,    0||   0 ,    0||
2113 ,  265|| 377 ,   54||  90 ,   11||   0 ,    0||   0 ,    0||   0 ,    0||
2034 ,  250|| 432 ,   65|| 103 ,   13||   0 ,    0||   0 ,    0||   0 ,    0||
1975 ,  239|| 468 ,   75|| 112 ,   15||   0 ,    0||   0 ,    0||   0 ,    0||
1931 ,  231|| 492 ,   84|| 118 ,   17||   0 ,    0||   0 ,    0||   0 ,    0||
1895 ,  226|| 506 ,   91|| 121 ,   18||   0 ,    0||   0 ,    0||   0 ,    0||
1867 ,  223|| 514 ,   98|| 124 ,   19||   0 ,    0||   0 ,    0||   0 ,    0||
1962 ,  240|| 423 ,   86|| 102 ,   17||   0 ,    0||   0 ,    0||   0 ,    0||
2018 ,  252|| 366 ,   77||  89 ,   15||   0 ,    0||   0 ,    0||   0 ,    0||
2051 ,  259|| 330 ,   69||  80 ,   14||   0 ,    0||   0 ,    0||   0 ,    0||
2068 ,  263|| 308 ,   63||  74 ,   13||   0 ,    0||   0 ,    0||   0 ,    0||
2176 ,  280|| 214 ,   45||  52 ,    9||   0 ,    0||   0 ,    0||   0 ,    0||
2235 ,  288|| 127 ,   27||  74 ,   11||   0 ,    0||   0 ,    0||   0 ,    0||
2267 ,  290||  75 ,   16||  88 ,   13||   0 ,    0||   0 ,    0||   0 ,    0||
2283 ,  288||  45 ,   10||  97 ,   15||   0 ,    0||   0 ,    0||   0 ,    0||
2397 ,  301||  23 ,    3||   0 ,    0||   0 ,    0||   0 ,    0||   0 ,    0||
2392 ,  293||  24 ,    3||   0 ,    0||   0 ,    0||   0 ,    0||   0 ,    0||
2388 ,  286||  24 ,    3||   0 ,    0||   0 ,    0||   0 ,    0||   0 ,    0||
2384 ,  278||  24 ,    3||   0 ,    0||   0 ,    0||   0 ,    0||   0 ,    0||
2380 ,  271||  24 ,    3||   0 ,    0||   0 ,    0||   0 ,    0||   0 ,    0||
2376 ,  264||  19 ,    2||   5 ,    0||   0 ,    0||   0 ,    0||   0 ,    0||
2372 ,  257||  19 ,    2||   5 ,    0||   0 ,    0||   0 ,    0||   0 ,    0||
2369 ,  251||  19 ,    2||   5 ,    0||   0 ,    0||   0 ,    0||   0 ,    0||
2181 ,  225|| 168 ,   18||  40 ,    4||   0 ,    0||   0 ,    0||   0 ,    0||
2045 ,  206|| 274 ,   29||  65 ,    6||   0 ,    0||   0 ,    0||   0 ,    0||
1947 ,  191|| 348 ,   39||  83 ,    8||   0 ,    0||   0 ,    0||   0 ,    0||
1875 ,  180|| 400 ,   46||  96 ,   10||   0 ,    0||   0 ,    0||   0 ,    0||
1822 ,  171|| 435 ,   53|| 104 ,   11||   0 ,    0||   0 ,    0||   0 ,    0||
1783 ,  165|| 459 ,   58|| 110 ,   12||   0 ,    0||   0 ,    0||   0 ,    0||
1752 ,  161|| 474 ,   63|| 114 ,   13||   0 ,    0||   0 ,    0||   0 ,    0||
1728 ,  159|| 484 ,   68|| 117 ,   14||   0 ,    0||   0 ,    0||   0 ,    0||
1820 ,  170|| 401 ,   59||  97 ,   12||   0 ,    0||   0 ,    0||   0 ,    0||
1876 ,  178|| 348 ,   53||  84 ,   11||   0 ,    0||   0 ,    0||   0 ,    0||
1910 ,  182|| 314 ,   47||  76 ,   10||   0 ,    0||   0 ,    0||   0 ,    0||
1930 ,  185|| 293 ,   43||  71 ,    9||   0 ,    0||   0 ,    0||   0 ,    0||
2034 ,  196|| 204 ,   30||  50 ,    6||   0 ,    0||   0 ,    0||   0 ,    0||
2093 ,  201|| 122 ,   19||  70 ,    8||   0 ,    0||   0 ,    0||   0 ,    0||
2125 ,  202||  72 ,   11||  83 ,    9||   0 ,    0||   0 ,    0||   0 ,    0||
2142 ,  200||  43 ,    7||  91 ,   10||   0 ,    0||   0 ,    0||   0 ,    0||
2252 ,  209||  21 ,    2||   0 ,    0||   0 ,    0||   0 ,    0||   0 ,    0||
2248 ,  203||  22 ,    2||   0 ,    0||   0 ,    0||   0 ,    0||   0 ,    0||
2246 ,  198||  22 ,    2||   0 ,    0||   0 ,    0||   0 ,    0||   0 ,    0||
2243 ,  193||  22 ,    2||   0 ,    0||   0 ,    0||   0 ,    0||   0 ,    0||
2240 ,  187||  22 ,    2||   0 ,    0||   0 ,    0||   0 ,    0||   0 ,    0||
2238 ,  182||  18 ,    1||   4 ,    0||   0 ,    0||   0 ,    0||   0 ,    0||
2236 ,  178||  18 ,    1||   4 ,    0||   0 ,    0||   0 ,    0||   0 ,    0||
2233 ,  173||  18 ,    1||   4 ,    0||   0 ,    0||   0 ,    0||   0 ,    0||
2057 ,  155|| 158 ,   12||  38 ,    3||   0 ,    0||   0 ,    0||   0 ,    0||
1930 ,  142|| 258 ,   20||  62 ,    4||   0 ,    0||   0 ,    0||   0 ,    0||
1838 ,  131|| 329 ,   26||  79 ,    6||   0 ,    0||   0 ,    0||   0 ,    0||
1771 ,  123|| 379 ,   31||  91 ,    7||   0 ,    0||   0 ,    0||   0 ,    0||
1722 ,  118|| 414 ,   36|| 100 ,    8||   0 ,    0||   0 ,    0||   0 ,    0||
1686 ,  113|| 438 ,   39|| 106 ,    8||   0 ,    0||   0 ,    0||   0 ,    0||
1659 ,  110|| 454 ,   42|| 110 ,    9||   0 ,    0||   0 ,    0||   0 ,    0||
1638 ,  108|| 464 ,   45|| 112 ,   10||   0 ,    0||   0 ,    0||   0 ,    0||
1727 ,  116|| 386 ,   40||  93 ,    8||   0 ,    0||   0 ,    0||   0 ,    0||
1784 ,  121|| 336 ,   35||  81 ,    7||   0 ,    0||   0 ,    0||   0 ,    0||
1818 ,  124|| 304 ,   32||  74 ,    7||   0 ,    0||   0 ,    0||   0 ,    0||
1839 ,  125|| 283 ,   29||  69 ,    6||   0 ,    0||   0 ,    0||   0 ,    0||
1942 ,  132|| 198 ,   20||  48 ,    4||   0 ,    0||   0 ,    0||   0 ,    0||
2000 ,  136|| 118 ,   12||  67 ,    5||   0 ,    0||   0 ,    0||   0 ,    0||
2032 ,  136||  71 ,    7||  80 ,    6||   0 ,    0||   0 ,    0||   0 ,    0||
2050 ,  135||  42 ,    4||  88 ,    7||   0 ,    0||   0 ,    0||   0 ,    0||
2158 ,  141||  20 ,    1||   0 ,    0||   0 ,    0||   0 ,    0||   0 ,    0||
2155 ,  137||  22 ,    1||   0 ,    0||   0 ,    0||   0 ,    0||   0 ,    0||
2154 ,  133||  22 ,    1||   0 ,    0||   0 ,    0||   0 ,    0||   0 ,    0||
2152 ,  129||  22 ,    1||   0 ,    0||   0 ,    0||   0 ,    0||   0 ,    0||
2150 ,  126||  22 ,    1||   0 ,    0||   0 ,    0||   0 ,    0||   0 ,    0||
2149 ,  122||  17 ,    1||   4 ,    0||   0 ,    0||   0 ,    0||   0 ,    0||
2147 ,  119||  17 ,    1||   4 ,    0||   0 ,    0||   0 ,    0||   0 ,    0||
2146 ,  116||  17 ,    1||   4 ,    0||   0 ,    0||   0 ,    0||   0 ,    0||
1977 ,  104|| 152 ,    8||  37 ,    2||   0 ,    0||   0 ,    0||   0 ,    0||
1855 ,   95|| 248 ,   13||  60 ,    3||   0 ,    0||   0 ,    0||   0 ,    0||
1768 ,   88|| 317 ,   17||  77 ,    4||   0 ,    0||   0 ,    0||   0 ,    0||
1704 ,   83|| 366 ,   21||  88 ,    5||   0 ,    0||   0 ,    0||   0 ,    0||
1658 ,   79|| 400 ,   24||  97 ,    5||   0 ,    0||   0 ,    0||   0 ,    0||
1624 ,   76|| 424 ,   26|| 102 ,    6||   0 ,    0||   0 ,    0||   0 ,    0||
1598 ,   74|| 441 ,   28|| 107 ,    6||   0 ,    0||   0 ,    0||   0 ,    0||
1579 ,   72|| 452 ,   30|| 109 ,    6||   0 ,    0||   0 ,    0||   0 ,    0||
1668 ,   77|| 377 ,   26||  91 ,    6||   0 ,    0||   0 ,    0||   0 ,    0||
1724 ,   80|| 328 ,   23||  80 ,    5||   0 ,    0||   0 ,    0||   0 ,    0||
1759 ,   82|| 297 ,   21||  72 ,    4||   0 ,    0||   0 ,    0||   0 ,    0||
1781 ,   83|| 277 ,   19||  67 ,    4||   0 ,    0||   0 ,    0||   0 ,    0||
1883 ,   88|| 194 ,   13||  47 ,    3||   0 ,    0||   0 ,    0||   0 ,    0||
1940 ,   90|| 116 ,    8||  66 ,    4||   0 ,    0||   0 ,    0||   0 ,    0||
1973 ,   90||  69 ,    5||  78 ,    4||   0 ,    0||   0 ,    0||   0 ,    0||
1992 ,   89||  42 ,    3||  86 ,    4||   0 ,    0||   0 ,    0||   0 ,    0||
2098 ,   93||  20 ,    1||   0 ,    0||   0 ,    0||   0 ,    0||   0 ,    0||
2096 ,   90||  21 ,    1||   0 ,    0||   0 ,    0||   0 ,    0||   0 ,    0||
2095 ,   88||  21 ,    1||   0 ,    0||   0 ,    0||   0 ,    0||   0 ,    0||
2093 ,   85||  21 ,    1||   0 ,    0||   0 ,    0||   0 ,    0||   0 ,    0||
2092 ,   83||  21 ,    1||   0 ,    0||   0 ,    0||   0 ,    0||   0 ,    0||
2091 ,   80||  17 ,    1||   4 ,    0||   0 ,    0||   0 ,    0||   0 ,    0||
2090 ,   78||  17 ,    1||   4 ,    0||   0 ,    0||   0 ,    0||   0 ,    0||
2089 ,   76||  17 ,    1||   4 ,    0||   0 ,    0||   0 ,    0||   0 ,    0||
1926 ,   68|| 148 ,    5||  36 ,    1||   0 ,    0||   0 ,    0||   0 ,    0||
1808 ,   62|| 242 ,    9||  58 ,    2||   0 ,    0||   0 ,    0||   0 ,    0||
1722 ,   58|| 309 ,   11||  75 ,    3||   0 ,    0||   0 ,    0||   0 ,    0||
1661 ,   54|| 357 ,   14||  86 ,    3||   0 ,    0||   0 ,    0||   0 ,    0||
1616 ,   52|| 391 ,   15||  95 ,    3||   0 ,    0||   0 ,    0||   0 ,    0||
1584 ,   50|| 415 ,   17|| 100 ,    4||   0 ,    0||   0 ,    0||   0 ,    0||
1560 ,   48|| 432 ,   18|| 105 ,    4||   0 ,    0||   0 ,    0||   0 ,    0||
1542 ,   47|| 444 ,   19|| 107 ,    4||   0 ,    0||   0 ,    0||   0 ,    0||
1630 ,   50|| 371 ,   17||  90 ,    4||   0 ,    0||   0 ,    0||   0 ,    0||
1686 ,   52|| 324 ,   15||  78 ,    3||   0 ,    0||   0 ,    0||   0 ,    0||
1722 ,   53|| 293 ,   13||  71 ,    3||   0 ,    0||   0 ,    0||   0 ,    0||
1744 ,   54|| 273 ,   12||  66 ,    3||   0 ,    0||   0 ,    0||   0 ,    0||
1845 ,   57|| 192 ,    8||  46 ,    2||   0 ,    0||   0 ,    0||   0 ,    0||
1902 ,   58|| 115 ,    5||  65 ,    2||   0 ,    0||   0 ,    0||   0 ,    0||
1935 ,   58||  69 ,    3||  77 ,    3||   0 ,    0||   0 ,    0||   0 ,    0||
1954 ,   58||  41 ,    2||  84 ,    3||   0 ,    0||   0 ,    0||   0 ,    0||
2059 ,   60||  20 ,    1||   0 ,    0||   0 ,    0||   0 ,    0||   0 ,    0||
2058 ,   59||  21 ,    1||   0 ,    0||   0 ,    0||   0 ,    0||   0 ,    0||
2057 ,   57||  21 ,    1||   0 ,    0||   0 ,    0||   0 ,    0||   0 ,    0||
2056 ,   55||  21 ,    1||   0 ,    0||   0 ,    0||   0 ,    0||   0 ,    0||
2055 ,   54||  21 ,    1||   0 ,    0||   0 ,    0||   0 ,    0||   0 ,    0||
2055 ,   52||  17 ,    0||   4 ,    0||   0 ,    0||   0 ,    0||   0 ,    0||
2054 ,   51||  17 ,    0||   4 ,    0||   0 ,    0||   0 ,    0||   0 ,    0||
2054 ,   49||  17 ,    0||   4 ,    0||   0 ,    0||   0 ,    0||   0 ,    0||
1893 ,   44|| 145 ,    3||  35 ,    1||   0 ,    0||   0 ,    0||   0 ,    0||
1777 ,   40|| 238 ,    6||  58 ,    1||   0 ,    0||   0 ,    0||   0 ,    0||
1694 ,   37|| 304 ,    7||  74 ,    2||   0 ,    0||   0 ,    0||   0 ,    0||
1633 ,   35|| 352 ,    9||  85 ,    2||   0 ,    0||   0 ,    0||   0 ,    0||
1590 ,   33|| 386 ,   10||  93 ,    2||   0 ,    0||   0 ,    0||   0 ,    0||
1558 ,   32|| 410 ,   11||  99 ,    2||   0 ,    0||   0 ,    0||   0 ,    0||
1535 ,   31|| 427 ,   12|| 103 ,    3||   0 ,    0||   0 ,    0||   0 ,    0||
1518 ,   31|| 439 ,   12|| 106 ,    3||   0 ,    0||   0 ,    0||   0 ,    0||
1605 ,   33|| 367 ,   11||  89 ,    2||   0 ,    0||   0 ,    0||   0 ,    0||
1662 ,   34|| 321 ,   10||  78 ,    2||   0 ,    0||   0 ,    0||   0 ,    0||
1698 ,   35|| 291 ,    9||  70 ,    2||   0 ,    0||   0 ,    0||   0 ,    0||
1721 ,   35|| 271 ,    8||  66 ,    2||   0 ,    0||   0 ,    0||   0 ,    0||
1820 ,   37|| 190 ,    5||  46 ,    1||   0 ,    0||   0 ,    0||   0 ,    0||
1878 ,   38|| 114 ,    3||  64 ,    2||   0 ,    0||   0 ,    0||   0 ,    0||
1911 ,   38||  68 ,    2||  76 ,    2||   0 ,    0||   0 ,    0||   0 ,    0||
1930 ,   37||  41 ,    1||  84 ,    2||   0 ,    0||   0 ,    0||   0 ,    0||
2035 ,   39||  19 ,    0||   0 ,    0||   0 ,    0||   0 ,    0||   0 ,    0||
2033 ,   38||  20 ,    0||   0 ,    0||   0 ,    0||   0 ,    0||   0 ,    0||
2033 ,   37||  20 ,    0||   0 ,    0||   0 ,    0||   0 ,    0||   0 ,    0||
2032 ,   36||  20 ,    0||   0 ,    0||   0 ,    0||   0 ,    0||   0 ,    0||
2032 ,   35||  20 ,    0||   0 ,    0||   0 ,    0||   0 ,    0||   0 ,    0||
2031 ,   34||  16 ,    0||   4 ,    0||   0 ,    0||   0 ,    0||   0 ,    0||
2031 ,   33||  16 ,    0||   4 ,    0||   0 ,    0||   0 ,    0||   0 ,    0||
2031 ,   32||  16 ,    0||   4 ,    0||   0 ,    0||   0 ,    0||   0 ,    0||
1872 ,   29|| 144 ,    2||  35 ,    1||   0 ,    0||   0 ,    0||   0 ,    0||
1758 ,   26|| 236 ,    4||  57 ,    1||   0 ,    0||   0 ,    0||   0 ,    0||
1675 ,   24|| 301 ,    5||  73 ,    1||   0 ,    0||   0 ,    0||   0 ,    0||
1616 ,   23|| 348 ,    6||  84 ,    1||   0 ,    0||   0 ,    0||   0 ,    0||
1573 ,   22|| 382 ,    6||  93 ,    1||   0 ,    0||   0 ,    0||   0 ,    0||
1542 ,   21|| 406 ,    7||  98 ,    2||   0 ,    0||   0 ,    0||   0 ,    0||
1519 ,   20|| 424 ,    7|| 103 ,    2||   0 ,    0||   0 ,    0||   0 ,    0||
1503 ,   20|| 436 ,    8|| 106 ,    2||   0 ,    0||   0 ,    0||   0 ,    0||
1590 ,   21|| 365 ,    7||  88 ,    2||   0 ,    0||   0 ,    0||   0 ,    0||
1646 ,   22|| 319 ,    6||  77 ,    1||   0 ,    0||   0 ,    0||   0 ,    0||
1682 ,   22|| 289 ,    5||  70 ,    1||   0 ,    0||   0 ,    0||   0 ,    0||
1706 ,   22|| 269 ,    5||  65 ,    1||   0 ,    0||   0 ,    0||   0 ,    0||
1805 ,   24|| 189 ,    3||  46 ,    1||   0 ,    0||   0 ,    0||   0 ,    0||
1863 ,   24|| 113 ,    2||  63 ,    1||   0 ,    0||   0 ,    0||   0 ,    0||
1896 ,   24||  68 ,    1||  75 ,    1||   0 ,    0||   0 ,    0||   0 ,    0||
1915 ,   24||  41 ,    1||  83 ,    1||   0 ,    0||   0 ,    0||   0 ,    0||
2019 ,   25||  19 ,    0||   0 ,    0||   0 ,    0||   0 ,    0||   0 ,    0||
2018 ,   24||  20 ,    0||   0 ,    0||   0 ,    0||   0 ,    0||   0 ,    0||
2017 ,   24||  20 ,    0||   0 ,    0||   0 ,    0||   0 ,    0||   0 ,    0||
2017 ,   23||  20 ,    0||   0 ,    0||   0 ,    0||   0 ,    0||   0 ,    0||
2017 ,   22||  20 ,    0||   0 ,    0||   0 ,    0||   0 ,    0||   0 ,    0||
2017 ,   22||  16 ,    0||   4 ,    0||   0 ,    0||   0 ,    0||   0 ,    0||
2016 ,   21||  16 ,    0||   4 ,    0||   0 ,    0||   0 ,    0||   0 ,    0||
2016 ,   20||  16 ,    0||   4 ,    0||   0 ,    0||   0 ,    0||   0 ,    0||
1859 ,   18|| 143 ,    1||  35 ,    0||   0 ,    0||   0 ,    0||   0 ,    0||
1745 ,   17|| 234 ,    2||  57 ,    1||   0 ,    0||   0 ,    0||   0 ,    0||
1663 ,   15|| 299 ,    3||  72 ,    1||   0 ,    0||   0 ,    0||   0 ,    0||
1605 ,   15|| 346 ,    4||  84 ,    1||   0 ,    0||   0 ,    0||   0 ,    0||
1562 ,   14|| 380 ,    4||  92 ,    1||   0 ,    0||   0 ,    0||   0 ,    0||
1531 ,   13|| 404 ,    4||  98 ,    1||   0 ,    0||   0 ,    0||   0 ,    0||
1509 ,   13|| 421 ,    5|| 102 ,    1||   0 ,    0||   0 ,    0||   0 ,    0||
1493 ,   13|| 434 ,    5|| 105 ,    1||   0 ,    0||   0 ,    0||   0 ,    0||
1580 ,   13|| 363 ,    4||  88 ,    1||   0 ,    0||   0 ,    0||   0 ,    0||
1636 ,   14|| 317 ,    4||  77 ,    1||   0 ,    0||   0 ,    0||   0 ,    0||
1672 ,   14|| 288 ,    3||  70 ,    1||   0 ,    0||   0 ,    0||   0 ,    0||
1696 ,   14|| 268 ,    3||  65 ,    1||   0 ,    0||   0 ,    0||   0 ,    0||
1795 ,   15|| 188 ,    2||  46 ,    1||   0 ,    0||   0 ,    0||   0 ,    0||
1853 ,   15|| 113 ,    1||  63 ,    1||   0 ,    0||   0 ,    0||   0 ,    0||
1886 ,   16||  68 ,    1||  75 ,    1||   0 ,    0||   0 ,    0||   0 ,    0||
1905 ,   15||  41 ,    0||  83 ,    1||   0 ,    0||   0 ,    0||   0 ,    0||
2009 ,   16||  19 ,    0||   0 ,    0||   0 ,    0||   0 ,    0||   0 ,    0||
2008 ,   16||  20 ,    0||   0 ,    0||   0 ,    0||   0 ,    0||   0 ,    0||
2008 ,   15||  20 ,    0||   0 ,    0||   0 ,    0||   0 ,    0||   0 ,    0||
2007 ,   15||  20 ,    0||   0 ,    0||   0 ,    0||   0 ,    0||   0 ,    0||
2007 ,   14||  20 ,    0||   0 ,    0||   0 ,    0||   0 ,    0||   0 ,    0||
2007 ,   14||  16 ,    0||   4 ,    0||   0 ,    0||   0 ,    0||   0 ,    0||
2007 ,   13||  16 ,    0||   4 ,    0||   0 ,    0||   0 ,    0||   0 ,    0||
2007 ,   13||  16 ,    0||   4 ,    0||   0 ,    0||   0 ,    0||   0 ,    0||
1850 ,   12|| 142 ,    1||  34 ,    0||   0 ,    0||   0 ,    0||   0 ,    0||
1737 ,   11|| 233 ,    1||  56 ,    0||   0 ,    0||   0 ,    0||   0 ,    0||
1656 ,   10|| 298 ,    2||  72 ,    0||   0 ,    0||   0 ,    0||   0 ,    0||
1597 ,    9|| 345 ,    2||  84 ,    1||   0 ,    0||   0 ,    0||   0 ,    0||
1555 ,    9|| 379 ,    3||  92 ,    1||   0 ,    0||   0 ,    0||   0 ,    0||
1525 ,    8|| 403 ,    3||  98 ,    1||   0 ,    0||   0 ,    0||   0 ,    0||
1503 ,    8|| 420 ,    3|| 102 ,    1||   0 ,    0||   0 ,    0||   0 ,    0||
1487 ,    8|| 432 ,    3|| 105 ,    1||   0 ,    0||   0 ,    0||   0 ,    0||
1574 ,    9|| 362 ,    3||  88 ,    1||   0 ,    0||   0 ,    0||   0 ,    0||
1630 ,    9|| 317 ,    2||  77 ,    1||   0 ,    0||   0 ,    0||   0 ,    0||
1666 ,    9|| 287 ,    2||  70 ,    1||   0 ,    0||   0 ,    0||   0 ,    0||
1690 ,    9|| 268 ,    2||  65 ,    0||   0 ,    0||   0 ,    0||   0 ,    0||
1789 ,   10|| 188 ,    1||  45 ,    0||   0 ,    0||   0 ,    0||   0 ,    0||
1846 ,   10|| 113 ,    1||  63 ,    0||   0 ,    0||   0 ,    0||   0 ,    0||
1880 ,   10||  68 ,    1||  75 ,    0||   0 ,    0||   0 ,    0||   0 ,    0||
1899 ,   10||  41 ,    0||  82 ,    0||   0 ,    0||   0 ,    0||   0 ,    0||
2003 ,   10||  19 ,    0||   0 ,    0||   0 ,    0||   0 ,    0||   0 ,    0||
2001 ,   10||  20 ,    0||   0 ,    0||   0 ,    0||   0 ,    0||   0 ,    0||
2001 ,   10||  20 ,    0||   0 ,    0||   0 ,    0||   0 ,    0||   0 ,    0||
2001 ,    9||  20 ,    0||   0 ,    0||   0 ,    0||   0 ,    0||   0 ,    0||
2001 ,    9||  20 ,    0||   0 ,    0||   0 ,    0||   0 ,    0||   0 ,    0||
2001 ,    9||  16 ,    0||   4 ,    0||   0 ,    0||   0 ,    0||   0 ,    0||
2001 ,    9||  16 ,    0||   4 ,    0||   0 ,    0||   0 ,    0||   0 ,    0||
2001 ,    8||  16 ,    0||   4 ,    0||   0 ,    0||   0 ,    0||   0 ,    0||
1845 ,    7|| 142 ,    1||  34 ,    0||   0 ,    0||   0 ,    0||   0 ,    0||
1732 ,    7|| 232 ,    1||  56 ,    0||   0 ,    0||   0 ,    0||   0 ,    0||
1651 ,    6|| 297 ,    1||  72 ,    0||   0 ,    0||   0 ,    0||   0 ,    0||
1593 ,    6|| 344 ,    1||  83 ,    0||   0 ,    0||   0 ,    0||   0 ,    0||
1551 ,    6|| 378 ,    2||  91 ,    0||   0 ,    0||   0 ,    0||   0 ,    0||
1521 ,    5|| 402 ,    2||  97 ,    0||   0 ,    0||   0 ,    0||   0 ,    0||
1499 ,    5|| 419 ,    2|| 102 ,    0||   0 ,    0||   0 ,    0||   0 ,    0||
1483 ,    5|| 432 ,    2|| 105 ,    0||   0 ,    0||   0 ,    0||   0 ,    0||
1570 ,    5|| 362 ,    2||  88 ,    0||   0 ,    0||   0 ,    0||   0 ,    0||
1626 ,    6|| 316 ,    2||  77 ,    0||   0 ,    0||   0 ,    0||   0 ,    0||
1662 ,    6|| 287 ,    1||  69 ,    0||   0 ,    0||   0 ,    0||   0 ,    0||
1686 ,    6|| 267 ,    1||  65 ,    0||   0 ,    0||   0 ,    0||   0 ,    0||
1785 ,    6|| 188 ,    1||  45 ,    0||   0 ,    0||   0 ,    0||   0 ,    0||
1842 ,    6|| 112 ,    1||  63 ,    0||   0 ,    0||   0 ,    0||   0 ,    0||
1876 ,    6||  67 ,    0||  75 ,    0||   0 ,    0||   0 ,    0||   0 ,    0||
1895 ,    6||  40 ,    0||  82 ,    0||   0 ,    0||   0 ,    0||   0 ,    0||
1999 ,    7||  19 ,    0||   0 ,    0||   0 ,    0||   0 ,    0||   0 ,    0||
1997 ,    6||  20 ,    0||   0 ,    0||   0 ,    0||   0 ,    0||   0 ,    0||
1997 ,    6||  20 ,    0||   0 ,    0||   0 ,    0||   0 ,    0||   0 ,    0||
1997 ,    6||  20 ,    0||   0 ,    0||   0 ,    0||   0 ,    0||   0 ,    0||
1997 ,    6||  20 ,    0||   0 ,    0||   0 ,    0||   0 ,    0||   0 ,    0||
1997 ,    6||  16 ,    0||   4 ,    0||   0 ,    0||   0 ,    0||   0 ,    0||
1997 ,    5||  16 ,    0||   4 ,    0||   0 ,    0||   0 ,    0||   0 ,    0||
1997 ,    5||  16 ,    0||   4 ,    0||   0 ,    0||   0 ,    0||   0 ,    0||
1841 ,    5|| 141 ,    0||  34 ,    0||   0 ,    0||   0 ,    0||   0 ,    0||
1729 ,    4|| 232 ,    1||  56 ,    0||   0 ,    0||   0 ,    0||   0 ,    0||
1648 ,    4|| 297 ,    1||  72 ,    0||   0 ,    0||   0 ,    0||   0 ,    0||
1590 ,    4|| 343 ,    1||  83 ,    0||   0 ,    0||   0 ,    0||   0 ,    0||
1548 ,    4|| 377 ,    1||  91 ,    0||   0 ,    0||   0 ,    0||   0 ,    0||
1518 ,    3|| 401 ,    1||  97 ,    0||   0 ,    0||   0 ,    0||   0 ,    0||
1496 ,    3|| 419 ,    1|| 101 ,    0||   0 ,    0||   0 ,    0||   0 ,    0||
1480 ,    3|| 431 ,    1|| 104 ,    0||   0 ,    0||   0 ,    0||   0 ,    0||
1567 ,    3|| 361 ,    1||  87 ,    0||   0 ,    0||   0 ,    0||   0 ,    0||
1623 ,    4|| 316 ,    1||  76 ,    0||   0 ,    0||   0 ,    0||   0 ,    0||
1660 ,    4|| 286 ,    1||  69 ,    0||   0 ,    0||   0 ,    0||   0 ,    0||
1683 ,    4|| 267 ,    1||  65 ,    0||   0 ,    0||   0 ,    0||   0 ,    0||
1782 ,    4|| 187 ,    1||  45 ,    0||   0 ,    0||   0 ,    0||   0 ,    0||
1840 ,    4|| 112 ,    0||  63 ,    0||   0 ,    0||   0 ,    0||   0 ,    0||
1873 ,    4||  67 ,    0||  74 ,    0||   0 ,    0||   0 ,    0||   0 ,    0||
1892 ,    4||  40 ,    0||  82 ,    0||   0 ,    0||   0 ,    0||   0 ,    0||
1996 ,    4||  19 ,    0||   0 ,    0||   0 ,    0||   0 ,    0||   0 ,    0||
1995 ,    4||  20 ,    0||   0 ,    0||   0 ,    0||   0 ,    0||   0 ,    0||
1995 ,    4||  20 ,    0||   0 ,    0||   0 ,    0||   0 ,    0||   0 ,    0||
1995 ,    4||  20 ,    0||   0 ,    0||   0 ,    0||   0 ,    0||   0 ,    0||
1995 ,    4||  20 ,    0||   0 ,    0||   0 ,    0||   0 ,    0||   0 ,    0||
1995 ,    4||  16 ,    0||   4 ,    0||   0 ,    0||   0 ,    0||   0 ,    0||
1995 ,    3||  16 ,    0||   4 ,    0||   0 ,    0||   0 ,    0||   0 ,    0||
1995 ,    3||  16 ,    0||   4 ,    0||   0 ,    0||   0 ,    0||   0 ,    0||
1839 ,    3|| 141 ,    0||  34 ,    0||   0 ,    0||   0 ,    0||   0 ,    0||
1727 ,    3|| 231 ,    0||  56 ,    0||   0 ,    0||   0 ,    0||   0 ,    0||
1646 ,    3|| 296 ,    1||  72 ,    0||   0 ,    0||   0 ,    0||   0 ,    0||
1588 ,    2|| 343 ,    1||  83 ,    0||   0 ,    0||   0 ,    0||   0 ,    0||
1546 ,    2|| 377 ,    1||  91 ,    0||   0 ,    0||   0 ,    0||   0 ,    0||
1516 ,    2|| 401 ,    1||  97 ,    0||   0 ,    0||   0 ,    0||   0 ,    0||
1494 ,    2|| 418 ,    1|| 101 ,    0||   0 ,    0||   0 ,    0||   0 ,    0||
1479 ,    2|| 431 ,    1|| 104 ,    0||   0 ,    0||   0 ,    0||   0 ,    0||
1565 ,    2|| 361 ,    1||  87 ,    0||   0 ,    0||   0 ,    0||   0 ,    0||
1622 ,    2|| 316 ,    1||  76 ,    0||   0 ,    0||   0 ,    0||   0 ,    0||
1658 ,    2|| 286 ,    1||  69 ,    0||   0 ,    0||   0 ,    0||   0 ,    0||
1682 ,    2|| 267 ,    1||  65 ,    0||   0 ,    0||   0 ,    0||   0 ,    0||
1781 ,    3|| 187 ,    0||  45 ,    0||   0 ,    0||   0 ,    0||   0 ,    0||
1838 ,    3|| 112 ,    0||  63 ,    0||   0 ,    0||   0 ,    0||   0 ,    0||
1871 ,    3||  67 ,    0||  74 ,    0||   0 ,    0||   0 ,    0||   0 ,    0||
1891 ,    3||  40 ,    0||  82 ,    0||   0 ,    0||   0 ,    0||   0 ,    0||
1994 ,    3||  19 ,    0||   0 ,    0||   0 ,    0||   0 ,    0||   0 ,    0||
1993 ,    3||  20 ,    0||   0 ,    0||   0 ,    0||   0 ,    0||   0 ,    0||
1993 ,    2||  20 ,    0||   0 ,    0||   0 ,    0||   0 ,    0||   0 ,    0||
1993 ,    2||  20 ,    0||   0 ,    0||   0 ,    0||   0 ,    0||   0 ,    0||
1993 ,    2||  20 ,    0||   0 ,    0||   0 ,    0||   0 ,    0||   0 ,    0||
1993 ,    2||  16 ,    0||   4 ,    0||   0 ,    0||   0 ,    0||   0 ,    0||
1993 ,    2||  16 ,    0||   4 ,    0||   0 ,    0||   0 ,    0||   0 ,    0||
1993 ,    2||  16 ,    0||   4 ,    0||   0 ,    0||   0 ,    0||   0 ,    0||
1838 ,    2|| 141 ,    0||  34 ,    0||   0 ,    0||   0 ,    0||   0 ,    0||
1726 ,    2|| 231 ,    0||  56 ,    0||   0 ,    0||   0 ,    0||   0 ,    0||
1645 ,    2|| 296 ,    0||  72 ,    0||   0 ,    0||   0 ,    0||   0 ,    0||
1587 ,    2|| 343 ,    0||  83 ,    0||   0 ,    0||   0 ,    0||   0 ,    0||
1545 ,    1|| 376 ,    0||  91 ,    0||   0 ,    0||   0 ,    0||   0 ,    0||
1515 ,    1|| 401 ,    0||  97 ,    0||   0 ,    0||   0 ,    0||   0 ,    0||
1493 ,    1|| 418 ,    1|| 101 ,    0||   0 ,    0||   0 ,    0||   0 ,    0||
1478 ,    1|| 431 ,    1|| 104 ,    0||   0 ,    0||   0 ,    0||   0 ,    0||
1564 ,    1|| 361 ,    0||  87 ,    0||   0 ,    0||   0 ,    0||   0 ,    0||
1621 ,    1|| 315 ,    0||  76 ,    0||   0 ,    0||   0 ,    0||   0 ,    0||
1657 ,    1|| 286 ,    0||  69 ,    0||   0 ,    0||   0 ,    0||   0 ,    0||
1681 ,    2|| 267 ,    0||  65 ,    0||   0 ,    0||   0 ,    0||   0 ,    0||
1780 ,    2|| 187 ,    0||  45 ,    0||   0 ,    0||   0 ,    0||   0 ,    0||
1837 ,    2|| 112 ,    0||  63 ,    0||   0 ,    0||   0 ,    0||   0 ,    0||
1870 ,    2||  67 ,    0||  74 ,    0||   0 ,    0||   0 ,    0||   0 ,    0||
1890 ,    2||  40 ,    0||  82 ,    0||   0 ,    0||   0 ,    0||   0 ,    0||
1993 ,    2||  19 ,    0||   0 ,    0||   0 ,    0||   0 ,    0||   0 ,    0||
1992 ,    2||  20 ,    0||   0 ,    0||   0 ,    0||   0 ,    0||   0 ,    0||
1992 ,    2||  20 ,    0||   0 ,    0||   0 ,    0||   0 ,    0||   0 ,    0||
1992 ,    2||  20 ,    0||   0 ,    0||   0 ,    0||   0 ,    0||   0 ,    0||
1992 ,    1||  20 ,    0||   0 ,    0||   0 ,    0||   0 ,    0||   0 ,    0||
1992 ,    1||  16 ,    0||   4 ,    0||   0 ,    0||   0 ,    0||   0 ,    0||
1992 ,    1||  16 ,    0||   4 ,    0||   0 ,    0||   0 ,    0||   0 ,    0||
1992 ,    1||  16 ,    0||   4 ,    0||   0 ,    0||   0 ,    0||   0 ,    0||
1837 ,    1|| 141 ,    0||  34 ,    0||   0 ,    0||   0 ,    0||   0 ,    0||
1725 ,    1|| 231 ,    0||  56 ,    0||   0 ,    0||   0 ,    0||   0 ,    0||
1644 ,    1|| 296 ,    0||  72 ,    0||   0 ,    0||   0 ,    0||   0 ,    0||
1586 ,    1|| 343 ,    0||  83 ,    0||   0 ,    0||   0 ,    0||   0 ,    0||
1545 ,    1|| 376 ,    0||  91 ,    0||   0 ,    0||   0 ,    0||   0 ,    0||
1514 ,    1|| 400 ,    0||  97 ,    0||   0 ,    0||   0 ,    0||   0 ,    0||
1493 ,    1|| 418 ,    0|| 101 ,    0||   0 ,    0||   0 ,    0||   0 ,    0||
1477 ,    1|| 430 ,    0|| 104 ,    0||   0 ,    0||   0 ,    0||   0 ,    0||
1564 ,    1|| 361 ,    0||  87 ,    0||   0 ,    0||   0 ,    0||   0 ,    0||
1620 ,    1|| 315 ,    0||  76 ,    0||   0 ,    0||   0 ,    0||   0 ,    0||
1656 ,    1|| 286 ,    0||  69 ,    0||   0 ,    0||   0 ,    0||   0 ,    0||
1680 ,    1|| 267 ,    0||  65 ,    0||   0 ,    0||   0 ,    0||   0 ,    0||
1779 ,    1|| 187 ,    0||  45 ,    0||   0 ,    0||   0 ,    0||   0 ,    0||
1837 ,    1|| 112 ,    0||  63 ,    0||   0 ,    0||   0 ,    0||   0 ,    0||
1870 ,    1||  67 ,    0||  74 ,    0||   0 ,    0||   0 ,    0||   0 ,    0||
1889 ,    1||  40 ,    0||  82 ,    0||   0 ,    0||   0 ,    0||   0 ,    0||
1993 ,    1||  19 ,    0||   0 ,    0||   0 ,    0||   0 ,    0||   0 ,    0||
1992 ,    1||  20 ,    0||   0 ,    0||   0 ,    0||   0 ,    0||   0 ,    0||
1992 ,    1||  20 ,    0||   0 ,    0||   0 ,    0||   0 ,    0||   0 ,    0||
1992 ,    1||  20 ,    0||   0 ,    0||   0 ,    0||   0 ,    0||   0 ,    0||
1992 ,    1||  20 ,    0||   0 ,    0||   0 ,    0||   0 ,    0||   0 ,    0||
1992 ,    1||  16 ,    0||   4 ,    0||   0 ,    0||   0 ,    0||   0 ,    0||
1992 ,    1||  16 ,    0||   4 ,    0||   0 ,    0||   0 ,    0||   0 ,    0||
1992 ,    1||  16 ,    0||   4 ,    0||   0 ,    0||   0 ,    0||   0 ,    0||
1836 ,    1|| 141 ,    0||  34 ,    0||   0 ,    0||   0 ,    0||   0 ,    0||
1724 ,    1|| 231 ,    0||  56 ,    0||   0 ,    0||   0 ,    0||   0 ,    0||
1644 ,    1|| 296 ,    0||  72 ,    0||   0 ,    0||   0 ,    0||   0 ,    0||
1586 ,    1|| 343 ,    0||  83 ,    0||   0 ,    0||   0 ,    0||   0 ,    0||
1544 ,    1|| 376 ,    0||  91 ,    0||   0 ,    0||   0 ,    0||   0 ,    0||
1514 ,    1|| 400 ,    0||  97 ,    0||   0 ,    0||   0 ,    0||   0 ,    0||
1492 ,    1|| 418 ,    0|| 101 ,    0||   0 ,    0||   0 ,    0||   0 ,    0||
1477 ,    1|| 430 ,    0|| 104 ,    0||   0 ,    0||   0 ,    0||   0 ,    0||
1563 ,    1|| 361 ,    0||  87 ,    0||   0 ,    0||   0 ,    0||   0 ,    0||
1619 ,    1|| 315 ,    0||  76 ,    0||   0 ,    0||   0 ,    0||   0 ,    0||
1656 ,    1|| 286 ,    0||  69 ,    0||   0 ,    0||   0 ,    0||   0 ,    0||
1680 ,    1|| 267 ,    0||  65 ,    0||   0 ,    0||   0 ,    0||   0 ,    0||
1779 ,    1|| 187 ,    0||  45 ,    0||   0 ,    0||   0 ,    0||   0 ,    0||
1836 ,    1|| 112 ,    0||  63 ,    0||   0 ,    0||   0 ,    0||   0 ,    0||
1869 ,    1||  67 ,    0||  74 ,    0||   0 ,    0||   0 ,    0||   0 ,    0||
1889 ,    1||  40 ,    0||  82 ,    0||   0 ,    0||   0 ,    0||   0 ,    0||
1992 ,    1||  19 ,    0||   0 ,    0||   0 ,    0||   0 ,    0||   0 ,    0||
1991 ,    1||  20 ,    0||   0 ,    0||   0 ,    0||   0 ,    0||   0 ,    0||
1991 ,    1||  20 ,    0||   0 ,    0||   0 ,    0||   0 ,    0||   0 ,    0||
1991 ,    1||  20 ,    0||   0 ,    0||   0 ,    0||   0 ,    0||   0 ,    0||
1991 ,    1||  20 ,    0||   0 ,    0||   0 ,    0||   0 ,    0||   0 ,    0||
1991 ,    1||  16 ,    0||   4 ,    0||   0 ,    0||   0 ,    0||   0 ,    0||
1991 ,    1||  16 ,    0||   4 ,    0||   0 ,    0||   0 ,    0||   0 ,    0||
1991 ,    1||  16 ,    0||   4 ,    0||   0 ,    0||   0 ,    0||   0 ,    0||
1836 ,    0|| 141 ,    0||  34 ,    0||   0 ,    0||   0 ,    0||   0 ,    0||
1724 ,    0|| 231 ,    0||  56 ,    0||   0 ,    0||   0 ,    0||   0 ,    0||
1643 ,    0|| 296 ,    0||  72 ,    0||   0 ,    0||   0 ,    0||   0 ,    0||
1586 ,    0|| 343 ,    0||  83 ,    0||   0 ,    0||   0 ,    0||   0 ,    0||
1544 ,    0|| 376 ,    0||  91 ,    0||   0 ,    0||   0 ,    0||   0 ,    0||
1514 ,    0|| 400 ,    0||  97 ,    0||   0 ,    0||   0 ,    0||   0 ,    0||
1492 ,    0|| 418 ,    0|| 101 ,    0||   0 ,    0||   0 ,    0||   0 ,    0||
1476 ,    0|| 430 ,    0|| 104 ,    0||   0 ,    0||   0 ,    0||   0 ,    0||
1563 ,    0|| 361 ,    0||  87 ,    0||   0 ,    0||   0 ,    0||   0 ,    0||
1619 ,    0|| 315 ,    0||  76 ,    0||   0 ,    0||   0 ,    0||   0 ,    0||
1656 ,    0|| 286 ,    0||  69 ,    0||   0 ,    0||   0 ,    0||   0 ,    0||
1679 ,    0|| 267 ,    0||  65 ,    0||   0 ,    0||   0 ,    0||   0 ,    0||
1778 ,    0|| 187 ,    0||  45 ,    0||   0 ,    0||   0 ,    0||   0 ,    0||
1836 ,    0|| 112 ,    0||  63 ,    0||   0 ,    0||   0 ,    0||   0 ,    0||
1869 ,    0||  67 ,    0||  74 ,    0||   0 ,    0||   0 ,    0||   0 ,    0||
1888 ,    0||  40 ,    0||  82 ,    0||   0 ,    0||   0 ,    0||   0 ,    0||
1992 ,    0||  19 ,    0||   0 ,    0||   0 ,    0||   0 ,    0||   0 ,    0||
1991 ,    0||  20 ,    0||   0 ,    0||   0 ,    0||   0 ,    0||   0 ,    0||
1991 ,    0||  20 ,    0||   0 ,    0||   0 ,    0||   0 ,    0||   0 ,    0||
1991 ,    0||  20 ,    0||   0 ,    0||   0 ,    0||   0 ,    0||   0 ,    0||
1991 ,    0||  20 ,    0||   0 ,    0||   0 ,    0||   0 ,    0||   0 ,    0||
1991 ,    0||  16 ,    0||   4 ,    0||   0 ,    0||   0 ,    0||   0 ,    0||
1991 ,    0||  16 ,    0||   4 ,    0||   0 ,    0||   0 ,    0||   0 ,    0||
1991 ,    0||  16 ,    0||   4 ,    0||   0 ,    0||   0 ,    0||   0 ,    0||
1836 ,    0|| 141 ,    0||  34 ,    0||   0 ,    0||   0 ,    0||   0 ,    0||
1724 ,    0|| 231 ,    0||  56 ,    0||   0 ,    0||   0 ,    0||   0 ,    0||
1643 ,    0|| 296 ,    0||  72 ,    0||   0 ,    0||   0 ,    0||   0 ,    0||
1585 ,    0|| 343 ,    0||  83 ,    0||   0 ,    0||   0 ,    0||   0 ,    0||
1544 ,    0|| 376 ,    0||  91 ,    0||   0 ,    0||   0 ,    0||   0 ,    0||
1514 ,    0|| 400 ,    0||  97 ,    0||   0 ,    0||   0 ,    0||   0 ,    0||
1492 ,    0|| 418 ,    0|| 101 ,    0||   0 ,    0||   0 ,    0||   0 ,    0||
1476 ,    0|| 430 ,    0|| 104 ,    0||   0 ,    0||   0 ,    0||   0 ,    0||
1563 ,    0|| 361 ,    0||  87 ,    0||   0 ,    0||   0 ,    0||   0 ,    0||
1619 ,    0|| 315 ,    0||  76 ,    0||   0 ,    0||   0 ,    0||   0 ,    0||
1656 ,    0|| 286 ,    0||  69 ,    0||   0 ,    0||   0 ,    0||   0 ,    0||
1679 ,    0|| 267 ,    0||  65 ,    0||   0 ,    0||   0 ,    0||   0 ,    0||
1778 ,    0|| 187 ,    0||  45 ,    0||   0 ,    0||   0 ,    0||   0 ,    0||
1836 ,    0|| 112 ,    0||  63 ,    0||   0 ,    0||   0 ,    0||   0 ,    0||
1869 ,    0||  67 ,    0||  74 ,    0||   0 ,    0||   0 ,    0||   0 ,    0||
1888 ,    0||  40 ,    0||  82 ,    0||   0 ,    0||   0 ,    0||   0 ,    0||
1992 ,    0||  19 ,    0||   0 ,    0||   0 ,    0||   0 ,    0||   0 ,    0||
1991 ,    0||  20 ,    0||   0 ,    0||   0 ,    0||   0 ,    0||   0 ,    0||
1991 ,    0||  20 ,    0||   0 ,    0||   0 ,    0||   0 ,    0||   0 ,    0||
1991 ,    0||  20 ,    0||   0 ,    0||   0 ,    0||   0 ,    0||   0 ,    0||
1991 ,    0||  20 ,    0||   0 ,    0||   0 ,    0||   0 ,    0||   0 ,    0||
1991 ,    0||  16 ,    0||   4 ,    0||   0 ,    0||   0 ,    0||   0 ,    0||
1991 ,    0||  16 ,    0||   4 ,    0||   0 ,    0||   0 ,    0||   0 ,    0||
1991 ,    0||  16 ,    0||   4 ,    0||   0 ,    0||   0 ,    0||   0 ,    0||
1835 ,    0|| 141 ,    0||  34 ,    0||   0 ,    0||   0 ,    0||   0 ,    0||
1724 ,    0|| 231 ,    0||  56 ,    0||   0 ,    0||   0 ,    0||   0 ,    0||
1643 ,    0|| 296 ,    0||  72 ,    0||   0 ,    0||   0 ,    0||   0 ,    0||
1585 ,    0|| 342 ,    0||  83 ,    0||   0 ,    0||   0 ,    0||   0 ,    0||
1543 ,    0|| 376 ,    0||  91 ,    0||   0 ,    0||   0 ,    0||   0 ,    0||
1513 ,    0|| 400 ,    0||  97 ,    0||   0 ,    0||   0 ,    0||   0 ,    0||
1492 ,    0|| 418 ,    0|| 101 ,    0||   0 ,    0||   0 ,    0||   0 ,    0||
1476 ,    0|| 430 ,    0|| 104 ,    0||   0 ,    0||   0 ,    0||   0 ,    0||
1563 ,    0|| 361 ,    0||  87 ,    0||   0 ,    0||   0 ,    0||   0 ,    0||
1619 ,    0|| 315 ,    0||  76 ,    0||   0 ,    0||   0 ,    0||   0 ,    0||
1655 ,    0|| 286 ,    0||  69 ,    0||   0 ,    0||   0 ,    0||   0 ,    0||
1679 ,    0|| 267 ,    0||  65 ,    0||   0 ,    0||   0 ,    0||   0 ,    0||
1778 ,    0|| 187 ,    0||  45 ,    0||   0 ,    0||   0 ,    0||   0 ,    0||
1836 ,    0|| 112 ,    0||  63 ,    0||   0 ,    0||   0 ,    0||   0 ,    0||
1869 ,    0||  67 ,    0||  74 ,    0||   0 ,    0||   0 ,    0||   0 ,    0||
1888 ,    0||  40 ,    0||  82 ,    0||   0 ,    0||   0 ,    0||   0 ,    0||
1992 ,    0||  19 ,    0||   0 ,    0||   0 ,    0||   0 ,    0||   0 ,    0||
1991 ,    0||  20 ,    0||   0 ,    0||   0 ,    0||   0 ,    0||   0 ,    0||
1991 ,    0||  20 ,    0||   0 ,    0||   0 ,    0||   0 ,    0||   0 ,    0||
1991 ,    0||  20 ,    0||   0 ,    0||   0 ,    0||   0 ,    0||   0 ,    0||
1991 ,    0||  20 ,    0||   0 ,    0||   0 ,    0||   0 ,    0||   0 ,    0||
1991 ,    0||  16 ,    0||   4 ,    0||   0 ,    0||   0 ,    0||   0 ,    0||
1991 ,    0||  16 ,    0||   4 ,    0||   0 ,    0||   0 ,    0||   0 ,    0||
1991 ,    0||  16 ,    0||   4 ,    0||   0 ,    0||   0 ,    0||   0 ,    0||
1835 ,    0|| 141 ,    0||  34 ,    0||   0 ,    0||   0 ,    0||   0 ,    0||
1724 ,    0|| 231 ,    0||  56 ,    0||   0 ,    0||   0 ,    0||   0 ,    0||
1643 ,    0|| 296 ,    0||  72 ,    0||   0 ,    0||   0 ,    0||   0 ,    0||
1585 ,    0|| 342 ,    0||  83 ,    0||   0 ,    0||   0 ,    0||   0 ,    0||
1543 ,    0|| 376 ,    0||  91 ,    0||   0 ,    0||   0 ,    0||   0 ,    0||
1513 ,    0|| 400 ,    0||  97 ,    0||   0 ,    0||   0 ,    0||   0 ,    0||
1492 ,    0|| 418 ,    0|| 101 ,    0||   0 ,    0||   0 ,    0||   0 ,    0||
1476 ,    0|| 430 ,    0|| 104 ,    0||   0 ,    0||   0 ,    0||   0 ,    0||
1563 ,    0|| 361 ,    0||  87 ,    0||   0 ,    0||   0 ,    0||   0 ,    0||
1619 ,    0|| 315 ,    0||  76 ,    0||   0 ,    0||   0 ,    0||   0 ,    0||
1655 ,    0|| 286 ,    0||  69 ,    0||   0 ,    0||   0 ,    0||   0 ,    0||
1679 ,    0|| 267 ,    0||  65 ,    0||   0 ,    0||   0 ,    0||   0 ,    0||
1778 ,    0|| 187 ,    0||  45 ,    0||   0 ,    0||   0 ,    0||   0 ,    0||
1835 ,    0|| 112 ,    0||  63 ,    0||   0 ,    0||   0 ,    0||   0 ,    0||
1869 ,    0||  67 ,    0||  74 ,    0||   0 ,    0||   0 ,    0||   0 ,    0||
1888 ,    0||  40 ,    0||  82 ,    0||   0 ,    0||   0 ,    0||   0 ,    0||
1992 ,    0||  19 ,    0||   0 ,    0||   0 ,    0||   0 ,    0||   0 ,    0||
1991 ,    0||  20 ,    0||   0 ,    0||   0 ,    0||   0 ,    0||   0 ,    0||
1991 ,    0||  20 ,    0||   0 ,    0||   0 ,    0||   0 ,    0||   0 ,    0||
1991 ,    0||  20 ,    0||   0 ,    0||   0 ,    0||   0 ,    0||   0 ,    0||
1991 ,    0||  20 ,    0||   0 ,    0||   0 ,    0||   0 ,    0||   0 ,    0||
1991 ,    0||  16 ,    0||   4 ,    0||   0 ,    0||   0 ,    0||   0 ,    0||
1991 ,    0||  16 ,    0||   4 ,    0||   0 ,    0||   0 ,    0||   0 ,    0||
1991 ,    0||  16 ,    0||   4 ,    0||   0 ,    0||   0 ,    0||   0 ,    0||
1835 ,    0|| 141 ,    0||  34 ,    0||   0 ,    0||   0 ,    0||   0 ,    0||
1724 ,    0|| 231 ,    0||  56 ,    0||   0 ,    0||   0 ,    0||   0 ,    0||
1643 ,    0|| 296 ,    0||  72 ,    0||   0 ,    0||   0 ,    0||   0 ,    0||
1585 ,    0|| 342 ,    0||  83 ,    0||   0 ,    0||   0 ,    0||   0 ,    0||
1543 ,    0|| 376 ,    0||  91 ,    0||   0 ,    0||   0 ,    0||   0 ,    0||
1513 ,    0|| 400 ,    0||  97 ,    0||   0 ,    0||   0 ,    0||   0 ,    0||
1492 ,    0|| 418 ,    0|| 101 ,    0||   0 ,    0||   0 ,    0||   0 ,    0||
1476 ,    0|| 430 ,    0|| 104 ,    0||   0 ,    0||   0 ,    0||   0 ,    0||
1563 ,    0|| 361 ,    0||  87 ,    0||   0 ,    0||   0 ,    0||   0 ,    0||
1619 ,    0|| 315 ,    0||  76 ,    0||   0 ,    0||   0 ,    0||   0 ,    0||
1655 ,    0|| 286 ,    0||  69 ,    0||   0 ,    0||   0 ,    0||   0 ,    0||
1679 ,    0|| 267 ,    0||  65 ,    0||   0 ,    0||   0 ,    0||   0 ,    0||
1778 ,    0|| 187 ,    0||  45 ,    0||   0 ,    0||   0 ,    0||   0 ,    0||
1835 ,    0|| 112 ,    0||  63 ,    0||   0 ,    0||   0 ,    0||   0 ,    0||
1869 ,    0||  67 ,    0||  74 ,    0||   0 ,    0||   0 ,    0||   0 ,    0||
1888 ,    0||  40 ,    0||  82 ,    0||   0 ,    0||   0 ,    0||   0 ,    0||
1992 ,    0||  19 ,    0||   0 ,    0||   0 ,    0||   0 ,    0||   0 ,    0||
1991 ,    0||  20 ,    0||   0 ,    0||   0 ,    0||   0 ,    0||   0 ,    0||
1991 ,    0||  20 ,    0||   0 ,    0||   0 ,    0||   0 ,    0||   0 ,    0||
1991 ,    0||  20 ,    0||   0 ,    0||   0 ,    0||   0 ,    0||   0 ,    0||
1991 ,    0||  20 ,    0||   0 ,    0||   0 ,    0||   0 ,    0||   0 ,    0||
1991 ,    0||  16 ,    0||   4 ,    0||   0 ,    0||   0 ,    0||   0 ,    0||
1991 ,    0||  16 ,    0||   4 ,    0||   0 ,    0||   0 ,    0||   0 ,    0||
1991 ,    0||  16 ,    0||   4 ,    0||   0 ,    0||   0 ,    0||   0 ,    0||
1835 ,    0|| 141 ,    0||  34 ,    0||   0 ,    0||   0 ,    0||   0 ,    0||
1723 ,    0|| 231 ,    0||  56 ,    0||   0 ,    0||   0 ,    0||   0 ,    0||
1643 ,    0|| 296 ,    0||  72 ,    0||   0 ,    0||   0 ,    0||   0 ,    0||
1585 ,    0|| 342 ,    0||  83 ,    0||   0 ,    0||   0 ,    0||   0 ,    0||
1543 ,    0|| 376 ,    0||  91 ,    0||   0 ,    0||   0 ,    0||   0 ,    0||
1513 ,    0|| 400 ,    0||  97 ,    0||   0 ,    0||   0 ,    0||   0 ,    0||
1492 ,    0|| 418 ,    0|| 101 ,    0||   0 ,    0||   0 ,    0||   0 ,    0||
1476 ,    0|| 430 ,    0|| 104 ,    0||   0 ,    0||   0 ,    0||   0 ,    0||
1563 ,    0|| 361 ,    0||  87 ,    0||   0 ,    0||   0 ,    0||   0 ,    0||
1619 ,    0|| 315 ,    0||  76 ,    0||   0 ,    0||   0 ,    0||   0 ,    0||
1655 ,    0|| 286 ,    0||  69 ,    0||   0 ,    0||   0 ,    0||   0 ,    0||
1679 ,    0|| 267 ,    0||  65 ,    0||   0 ,    0||   0 ,    0||   0 ,    0||
1778 ,    0|| 187 ,    0||  45 ,    0||   0 ,    0||   0 ,    0||   0 ,    0||
1835 ,    0|| 112 ,    0||  63 ,    0||   0 ,    0||   0 ,    0||   0 ,    0||
1869 ,    0||  67 ,    0||  74 ,    0||   0 ,    0||   0 ,    0||   0 ,    0||
1888 ,    0||  40 ,    0||  82 ,    0||   0 ,    0||   0 ,    0||   0 ,    0||
1992 ,    0||  19 ,    0||   0 ,    0||   0 ,    0||   0 ,    0||   0 ,    0||
1990 ,    0||  20 ,    0||   0 ,    0||   0 ,    0||   0 ,    0||   0 ,    0||
1990 ,    0||  20 ,    0||   0 ,    0||   0 ,    0||   0 ,    0||   0 ,    0||
1990 ,    0||  20 ,    0||   0 ,    0||   0 ,    0||   0 ,    0||   0 ,    0||
1990 ,    0||  20 ,    0||   0 ,    0||   0 ,    0||   0 ,    0||   0 ,    0||
1990 ,    0||  16 ,    0||   4 ,    0||   0 ,    0||   0 ,    0||   0 ,    0||
1990 ,    0||  16 ,    0||   4 ,    0||   0 ,    0||   0 ,    0||   0 ,    0||
1990 ,    0||  16 ,    0||   4 ,    0||   0 ,    0||   0 ,    0||   0 ,    0||
1835 ,    0|| 141 ,    0||  34 ,    0||   0 ,    0||   0 ,    0||   0 ,    0||
1723 ,    0|| 231 ,    0||  56 ,    0||   0 ,    0||   0 ,    0||   0 ,    0||
1643 ,    0|| 296 ,    0||  72 ,    0||   0 ,    0||   0 ,    0||   0 ,    0||
1585 ,    0|| 342 ,    0||  83 ,    0||   0 ,    0||   0 ,    0||   0 ,    0||
1543 ,    0|| 376 ,    0||  91 ,    0||   0 ,    0||   0 ,    0||   0 ,    0||
1513 ,    0|| 400 ,    0||  97 ,    0||   0 ,    0||   0 ,    0||   0 ,    0||
1492 ,    0|| 418 ,    0|| 101 ,    0||   0 ,    0||   0 ,    0||   0 ,    0||
1476 ,    0|| 430 ,    0|| 104 ,    0||   0 ,    0||   0 ,    0||   0 ,    0||
1563 ,    0|| 361 ,    0||  87 ,    0||   0 ,    0||   0 ,    0||   0 ,    0||
1619 ,    0|| 315 ,    0||  76 ,    0||   0 ,    0||   0 ,    0||   0 ,    0||
1655 ,    0|| 286 ,    0||  69 ,    0||   0 ,    0||   0 ,    0||   0 ,    0||
1679 ,    0|| 267 ,    0||  65 ,    0||   0 ,    0||   0 ,    0||   0 ,    0||
1778 ,    0|| 187 ,    0||  45 ,    0||   0 ,    0||   0 ,    0||   0 ,    0||
1835 ,    0|| 112 ,    0||  63 ,    0||   0 ,    0||   0 ,    0||   0 ,    0||
1869 ,    0||  67 ,    0||  74 ,    0||   0 ,    0||   0 ,    0||   0 ,    0||
1888 ,    0||  40 ,    0||  82 ,    0||   0 ,    0||   0 ,    0||   0 ,    0||
1992 ,    0||  19 ,    0||   0 ,    0||   0 ,    0||   0 ,    0||   0 ,    0||
1990 ,    0||  20 ,    0||   0 ,    0||   0 ,    0||   0 ,    0||   0 ,    0||
1990 ,    0||  20 ,    0||   0 ,    0||   0 ,    0||   0 ,    0||   0 ,    0||
1990 ,    0||  20 ,    0||   0 ,    0||   0 ,    0||   0 ,    0||   0 ,    0||
1990 ,    0||  20 ,    0||   0 ,    0||   0 ,    0||   0 ,    0||   0 ,    0||
1990 ,    0||  16 ,    0||   4 ,    0||   0 ,    0||   0 ,    0||   0 ,    0||
1990 ,    0||  16 ,    0||   4 ,    0||   0 ,    0||   0 ,    0||   0 ,    0||
1990 ,    0||  16 ,    0||   4 ,    0||   0 ,    0||   0 ,    0||   0 ,    0||
1835 ,    0|| 141 ,    0||  34 ,    0||   0 ,    0||   0 ,    0||   0 ,    0||
1723 ,    0|| 231 ,    0||  56 ,    0||   0 ,    0||   0 ,    0||   0 ,    0||
1643 ,    0|| 296 ,    0||  72 ,    0||   0 ,    0||   0 ,    0||   0 ,    0||
1585 ,    0|| 342 ,    0||  83 ,    0||   0 ,    0||   0 ,    0||   0 ,    0||
1543 ,    0|| 376 ,    0||  91 ,    0||   0 ,    0||   0 ,    0||   0 ,    0||
1513 ,    0|| 400 ,    0||  97 ,    0||   0 ,    0||   0 ,    0||   0 ,    0||
1492 ,    0|| 418 ,    0|| 101 ,    0||   0 ,    0||   0 ,    0||   0 ,    0||
1476 ,    0|| 430 ,    0|| 104 ,    0||   0 ,    0||   0 ,    0||   0 ,    0||
1563 ,    0|| 361 ,    0||  87 ,    0||   0 ,    0||   0 ,    0||   0 ,    0||
1619 ,    0|| 315 ,    0||  76 ,    0||   0 ,    0||   0 ,    0||   0 ,    0||
1655 ,    0|| 286 ,    0||  69 ,    0||   0 ,    0||   0 ,    0||   0 ,    0||
1679 ,    0|| 267 ,    0||  65 ,    0||   0 ,    0||   0 ,    0||   0 ,    0||
1778 ,    0|| 187 ,    0||  45 ,    0||   0 ,    0||   0 ,    0||   0 ,    0||
1835 ,    0|| 112 ,    0||  63 ,    0||   0 ,    0||   0 ,    0||   0 ,    0||
1869 ,    0||  67 ,    0||  74 ,    0||   0 ,    0||   0 ,    0||   0 ,    0||
1888 ,    0||  40 ,    0||  82 ,    0||   0 ,    0||   0 ,    0||   0 ,    0||
1991 ,    0||  19 ,    0||   0 ,    0||   0 ,    0||   0 ,    0||   0 ,    0||
1990 ,    0||  20 ,    0||   0 ,    0||   0 ,    0||   0 ,    0||   0 ,    0||
1990 ,    0||  20 ,    0||   0 ,    0||   0 ,    0||   0 ,    0||   0 ,    0||
1990 ,    0||  20 ,    0||   0 ,    0||   0 ,    0||   0 ,    0||   0 ,    0||
1990 ,    0||  20 ,    0||   0 ,    0||   0 ,    0||   0 ,    0||   0 ,    0||
1990 ,    0||  16 ,    0||   4 ,    0||   0 ,    0||   0 ,    0||   0 ,    0||
1990 ,    0||  16 ,    0||   4 ,    0||   0 ,    0||   0 ,    0||   0 ,    0||
1990 ,    0||  16 ,    0||   4 ,    0||   0 ,    0||   0 ,    0||   0 ,    0||
1835 ,    0|| 141 ,    0||  34 ,    0||   0 ,    0||   0 ,    0||   0 ,    0||
1723 ,    0|| 231 ,    0||  56 ,    0||   0 ,    0||   0 ,    0||   0 ,    0||
1643 ,    0|| 296 ,    0||  72 ,    0||   0 ,    0||   0 ,    0||   0 ,    0||
1585 ,    0|| 342 ,    0||  83 ,    0||   0 ,    0||   0 ,    0||   0 ,    0||
1543 ,    0|| 376 ,    0||  91 ,    0||   0 ,    0||   0 ,    0||   0 ,    0||
1513 ,    0|| 400 ,    0||  97 ,    0||   0 ,    0||   0 ,    0||   0 ,    0||
1492 ,    0|| 418 ,    0|| 101 ,    0||   0 ,    0||   0 ,    0||   0 ,    0||
1476 ,    0|| 430 ,    0|| 104 ,    0||   0 ,    0||   0 ,    0||   0 ,    0||
1563 ,    0|| 361 ,    0||  87 ,    0||   0 ,    0||   0 ,    0||   0 ,    0||
1619 ,    0|| 315 ,    0||  76 ,    0||   0 ,    0||   0 ,    0||   0 ,    0||
1655 ,    0|| 286 ,    0||  69 ,    0||   0 ,    0||   0 ,    0||   0 ,    0||
1679 ,    0|| 267 ,    0||  65 ,    0||   0 ,    0||   0 ,    0||   0 ,    0||
1778 ,    0|| 187 ,    0||  45 ,    0||   0 ,    0||   0 ,    0||   0 ,    0||
1835 ,    0|| 112 ,    0||  63 ,    0||   0 ,    0||   0 ,    0||   0 ,    0||
1869 ,    0||  67 ,    0||  74 ,    0||   0 ,    0||   0 ,    0||   0 ,    0||
1888 ,    0||  40 ,    0||  82 ,    0||   0 ,    0||   0 ,    0||   0 ,    0||
1991 ,    0||  19 ,    0||   0 ,    0||   0 ,    0||   0 ,    0||   0 ,    0||
1990 ,    0||  20 ,    0||   0 ,    0||   0 ,    0||   0 ,    0||   0 ,    0||
1990 ,    0||  20 ,    0||   0 ,    0||   0 ,    0||   0 ,    0||   0 ,    0||
1990 ,    0||  20 ,    0||   0 ,    0||   0 ,    0||   0 ,    0||   0 ,    0||
1990 ,    0||  20 ,    0||   0 ,    0||   0 ,    0||   0 ,    0||   0 ,    0||
1990 ,    0||  16 ,    0||   4 ,    0||   0 ,    0||   0 ,    0||   0 ,    0||
1990 ,    0||  16 ,    0||   4 ,    0||   0 ,    0||   0 ,    0||   0 ,    0||
1990 ,    0||  16 ,    0||   4 ,    0||   0 ,    0||   0 ,    0||   0 ,    0||
1835 ,    0|| 141 ,    0||  34 ,    0||   0 ,    0||   0 ,    0||   0 ,    0||
1723 ,    0|| 231 ,    0||  56 ,    0||   0 ,    0||   0 ,    0||   0 ,    0||
1643 ,    0|| 296 ,    0||  72 ,    0||   0 ,    0||   0 ,    0||   0 ,    0||
1585 ,    0|| 342 ,    0||  83 ,    0||   0 ,    0||   0 ,    0||   0 ,    0||
1543 ,    0|| 376 ,    0||  91 ,    0||   0 ,    0||   0 ,    0||   0 ,    0||
1513 ,    0|| 400 ,    0||  97 ,    0||   0 ,    0||   0 ,    0||   0 ,    0||
1492 ,    0|| 418 ,    0|| 101 ,    0||   0 ,    0||   0 ,    0||   0 ,    0||
1476 ,    0|| 430 ,    0|| 104 ,    0||   0 ,    0||   0 ,    0||   0 ,    0||
1563 ,    0|| 361 ,    0||  87 ,    0||   0 ,    0||   0 ,    0||   0 ,    0||
1619 ,    0|| 315 ,    0||  76 ,    0||   0 ,    0||   0 ,    0||   0 ,    0||
1655 ,    0|| 286 ,    0||  69 ,    0||   0 ,    0||   0 ,    0||   0 ,    0||
1679 ,    0|| 267 ,    0||  65 ,    0||   0 ,    0||   0 ,    0||   0 ,    0||
1778 ,    0|| 187 ,    0||  45 ,    0||   0 ,    0||   0 ,    0||   0 ,    0||
1835 ,    0|| 112 ,    0||  63 ,    0||   0 ,    0||   0 ,    0||   0 ,    0||
1869 ,    0||  67 ,    0||  74 ,    0||   0 ,    0||   0 ,    0||   0 ,    0||
1888 ,    0||  40 ,    0||  82 ,    0||   0 ,    0||   0 ,    0||   0 ,    0||
1991 ,    0||  19 ,    0||   0 ,    0||   0 ,    0||   0 ,    0||   0 ,    0||
1990 ,    0||  20 ,    0||   0 ,    0||   0 ,    0||   0 ,    0||   0 ,    0||
1990 ,    0||  20 ,    0||   0 ,    0||   0 ,    0||   0 ,    0||   0 ,    0||
1990 ,    0||  20 ,    0||   0 ,    0||   0 ,    0||   0 ,    0||   0 ,    0||
1990 ,    0||  20 ,    0||   0 ,    0||   0 ,    0||   0 ,    0||   0 ,    0||
1990 ,    0||  16 ,    0||   4 ,    0||   0 ,    0||   0 ,    0||   0 ,    0||
1990 ,    0||  16 ,    0||   4 ,    0||   0 ,    0||   0 ,    0||   0 ,    0||
1990 ,    0||  16 ,    0||   4 ,    0||   0 ,    0||   0 ,    0||   0 ,    0||
1835 ,    0|| 141 ,    0||  34 ,    0||   0 ,    0||   0 ,    0||   0 ,    0||
1723 ,    0|| 231 ,    0||  56 ,    0||   0 ,    0||   0 ,    0||   0 ,    0||
1643 ,    0|| 296 ,    0||  72 ,    0||   0 ,    0||   0 ,    0||   0 ,    0||
1585 ,    0|| 342 ,    0||  83 ,    0||   0 ,    0||   0 ,    0||   0 ,    0||
1543 ,    0|| 376 ,    0||  91 ,    0||   0 ,    0||   0 ,    0||   0 ,    0||
1513 ,    0|| 400 ,    0||  97 ,    0||   0 ,    0||   0 ,    0||   0 ,    0||
1492 ,    0|| 418 ,    0|| 101 ,    0||   0 ,    0||   0 ,    0||   0 ,    0||
1476 ,    0|| 430 ,    0|| 104 ,    0||   0 ,    0||   0 ,    0||   0 ,    0||
1563 ,    0|| 361 ,    0||  87 ,    0||   0 ,    0||   0 ,    0||   0 ,    0||
1619 ,    0|| 315 ,    0||  76 ,    0||   0 ,    0||   0 ,    0||   0 ,    0||
1655 ,    0|| 286 ,    0||  69 ,    0||   0 ,    0||   0 ,    0||   0 ,    0||
1679 ,    0|| 267 ,    0||  65 ,    0||   0 ,    0||   0 ,    0||   0 ,    0||
1778 ,    0|| 187 ,    0||  45 ,    0||   0 ,    0||   0 ,    0||   0 ,    0||
1835 ,    0|| 112 ,    0||  63 ,    0||   0 ,    0||   0 ,    0||   0 ,    0||
1869 ,    0||  67 ,    0||  74 ,    0||   0 ,    0||   0 ,    0||   0 ,    0||
1888 ,    0||  40 ,    0||  82 ,    0||   0 ,    0||   0 ,    0||   0 ,    0||
1991 ,    0||  19 ,    0||   0 ,    0||   0 ,    0||   0 ,    0||   0 ,    0||
1990 ,    0||  20 ,    0||   0 ,    0||   0 ,    0||   0 ,    0||   0 ,    0||
1990 ,    0||  20 ,    0||   0 ,    0||   0 ,    0||   0 ,    0||   0 ,    0||
1990 ,    0||  20 ,    0||   0 ,    0||   0 ,    0||   0 ,    0||   0 ,    0||
1990 ,    0||  20 ,    0||   0 ,    0||   0 ,    0||   0 ,    0||   0 ,    0||
1990 ,    0||  16 ,    0||   4 ,    0||   0 ,    0||   0 ,    0||   0 ,    0||
1990 ,    0||  16 ,    0||   4 ,    0||   0 ,    0||   0 ,    0||   0 ,    0||
1990 ,    0||  16 ,    0||   4 ,    0||   0 ,    0||   0 ,    0||   0 ,    0||
1835 ,    0|| 141 ,    0||  34 ,    0||   0 ,    0||   0 ,    0||   0 ,    0||
1723 ,    0|| 231 ,    0||  56 ,    0||   0 ,    0||   0 ,    0||   0 ,    0||
1643 ,    0|| 296 ,    0||  72 ,    0||   0 ,    0||   0 ,    0||   0 ,    0||
1585 ,    0|| 342 ,    0||  83 ,    0||   0 ,    0||   0 ,    0||   0 ,    0||
